 9.00  -1.110E-016  -2.413E-017   6.688E-017  -4.028E-017   6.957E-017   2.530E-017  -5.578E-017   1.049E-013   5.235E-009   1.003E-004   9.999E-001
 8.95   9.352E-058   2.539E-049   8.728E-044   8.486E-037   2.242E-030   2.162E-024   1.011E-018   1.690E-013   7.391E-009   1.184E-004   9.999E-001
 8.90   3.458E-057   8.269E-049   2.659E-043   2.276E-036   5.295E-030   4.496E-024   1.852E-018   2.717E-013   1.042E-008   1.397E-004   9.999E-001
 8.85   1.263E-056   2.662E-048   8.072E-043   6.083E-036   1.246E-029   9.314E-024   3.379E-018   4.354E-013   1.465E-008   1.644E-004   9.998E-001
 8.80   4.568E-056   8.478E-048   2.444E-042   1.621E-035   2.925E-029   1.926E-023   6.152E-018   6.962E-013   2.055E-008   1.933E-004   9.998E-001
 8.75   1.634E-055   2.673E-047   7.393E-042   4.317E-035   6.856E-029   3.974E-023   1.118E-017   1.111E-012   2.875E-008   2.266E-004   9.998E-001
 8.70   5.755E-055   8.297E-047   2.226E-041   1.144E-034   1.600E-028   8.162E-023   2.021E-017   1.763E-012   4.003E-008   2.653E-004   9.997E-001
 8.65   1.998E-054   2.540E-046   6.687E-041   3.024E-034   3.723E-028   1.672E-022   3.644E-017   2.791E-012   5.555E-008   3.098E-004   9.997E-001
 8.60   6.829E-054   7.652E-046   2.004E-040   7.972E-034   8.639E-028   3.414E-022   6.545E-017   4.400E-012   7.674E-008   3.609E-004   9.996E-001
 8.55   2.294E-053   2.265E-045   5.989E-040   2.096E-033   1.998E-027   6.948E-022   1.172E-016   6.911E-012   1.056E-007   4.194E-004   9.996E-001
 8.50   7.575E-053   6.595E-045   1.789E-039   5.504E-033   4.617E-027   1.411E-021   2.093E-016   1.082E-011   1.448E-007   4.865E-004   9.995E-001
 8.45   2.453E-052   1.882E-044   5.335E-039   1.443E-032   1.065E-026   2.862E-021   3.728E-016   1.691E-011   1.981E-007   5.636E-004   9.994E-001
 8.40   7.773E-052   5.257E-044   1.591E-038   3.781E-032   2.453E-026   5.796E-021   6.636E-016   2.637E-011   2.703E-007   6.520E-004   9.993E-001
 8.35   2.413E-051   1.439E-043   4.749E-038   9.914E-032   5.656E-026   1.174E-020   1.180E-015   4.108E-011   3.680E-007   7.533E-004   9.992E-001
 8.30   7.336E-051   3.852E-043   1.421E-037   2.605E-031   1.306E-025   2.380E-020   2.098E-015   6.394E-011   5.007E-007   8.699E-004   9.991E-001
 8.25   2.174E-050   1.006E-042   4.262E-037   6.855E-031   3.019E-025   4.828E-020   3.732E-015   9.951E-011   6.805E-007   1.004E-003   9.990E-001
 8.20   6.279E-050   2.559E-042   1.281E-036   1.808E-030   6.991E-025   9.809E-020   6.643E-015   1.549E-010   9.248E-007   1.158E-003   9.988E-001
 8.15   1.771E-049   6.355E-042   3.863E-036   4.782E-030   1.623E-024   1.996E-019   1.184E-014   2.414E-010   1.257E-006   1.336E-003   9.987E-001
 8.10   4.883E-049   1.543E-041   1.170E-035   1.269E-029   3.780E-024   4.074E-019   2.114E-014   3.764E-010   1.710E-006   1.542E-003   9.985E-001
 8.05   1.327E-048   3.691E-041   3.563E-035   3.385E-029   8.836E-024   8.336E-019   3.782E-014   5.880E-010   2.327E-006   1.779E-003   9.982E-001
 8.00   3.601E-048   8.810E-041   1.090E-034   9.063E-029   2.073E-023   1.712E-018   6.785E-014   9.204E-010   3.173E-006   2.056E-003   9.979E-001
 7.95   9.978E-048   2.147E-040   3.352E-034   2.439E-028   4.887E-023   3.526E-018   1.220E-013   1.444E-009   4.337E-006   2.378E-003   9.976E-001
 7.90   2.922E-047   5.527E-040   1.038E-033   6.608E-028   1.159E-022   7.301E-018   2.204E-013   2.274E-009   5.944E-006   2.755E-003   9.972E-001
 7.85   9.305E-047   1.547E-039   3.241E-033   1.802E-027   2.763E-022   1.519E-017   3.999E-013   3.594E-009   8.179E-006   3.200E-003   9.968E-001
 7.80   3.253E-046   4.750E-039   1.019E-032   4.948E-027   6.633E-022   3.178E-017   7.291E-013   5.706E-009   1.130E-005   3.724E-003   9.963E-001
 7.75   1.236E-045   1.584E-038   3.235E-032   1.370E-026   1.603E-021   6.690E-017   1.336E-012   9.102E-009   1.569E-005   4.347E-003   9.956E-001
 7.70   4.968E-045   5.586E-038   1.037E-031   3.829E-026   3.909E-021   1.419E-016   2.466E-012   1.462E-008   2.191E-005   5.092E-003   9.949E-001
 7.65   2.071E-044   2.042E-037   3.359E-031   1.080E-025   9.611E-021   3.031E-016   4.578E-012   2.361E-008   3.082E-005   5.989E-003   9.940E-001
 7.60   8.838E-044   7.632E-037   1.100E-030   3.078E-025   2.385E-020   6.526E-016   8.564E-012   3.842E-008   4.366E-005   7.077E-003   9.929E-001
 7.55   3.849E-043   2.911E-036   3.657E-030   8.894E-025   5.994E-020   1.421E-015   1.617E-011   6.303E-008   6.237E-005   8.405E-003   9.915E-001
 7.50   1.702E-042   1.126E-035   1.230E-029   2.597E-024   1.521E-019   3.121E-015   3.078E-011   1.043E-007   8.997E-005   1.004E-002   9.899E-001
 7.45   7.657E-042   4.428E-035   4.202E-029   7.692E-024   3.909E-019   6.932E-015   5.915E-011   1.741E-007   1.311E-004   1.208E-002   9.878E-001
 7.40   3.510E-041   1.773E-034   1.459E-028   2.313E-023   1.019E-018   1.560E-014   1.150E-010   2.940E-007   1.933E-004   1.463E-002   9.852E-001
 7.35   1.639E-040   7.226E-034   5.150E-028   7.062E-023   2.693E-018   3.552E-014   2.258E-010   5.018E-007   2.887E-004   1.788E-002   9.818E-001
 7.30   7.807E-040   3.000E-033   1.849E-027   2.191E-022   7.222E-018   8.198E-014   4.486E-010   8.655E-007   4.366E-004   2.202E-002   9.775E-001
 7.25   3.804E-039   1.273E-032   6.775E-027   6.925E-022   1.971E-017   1.922E-013   9.035E-010   1.514E-006   6.709E-004   2.740E-002   9.719E-001
 7.20   1.895E-038   5.518E-032   2.533E-026   2.231E-021   5.475E-017   4.579E-013   1.845E-009   2.682E-006   1.048E-003   3.443E-002   9.645E-001
 7.15   9.692E-038   2.451E-031   9.682E-026   7.333E-021   1.550E-016   1.109E-012   3.820E-009   4.821E-006   1.666E-003   4.377E-002   9.546E-001
 7.10   5.093E-037   1.117E-030   3.792E-025   2.465E-020   4.479E-016   2.736E-012   8.034E-009   8.798E-006   2.699E-003   5.630E-002   9.410E-001
 7.05   2.749E-036   5.222E-030   1.520E-024   8.472E-020   1.320E-015   6.864E-012   1.715E-008   1.628E-005   4.455E-003   7.325E-002   9.223E-001
 7.00   1.527E-035   2.509E-029   6.252E-024   2.981E-019   3.972E-015   1.755E-011   3.717E-008   3.056E-005   7.497E-003   9.624E-002   8.962E-001
 6.95   8.722E-035   1.238E-028   2.634E-023   1.073E-018   1.219E-014   4.558E-011   8.170E-008   5.810E-005   1.285E-002   1.275E-001   8.596E-001
 6.90   5.124E-034   6.265E-028   1.136E-022   3.941E-018   3.808E-014   1.201E-010   1.816E-007   1.114E-004   2.237E-002   1.697E-001   8.078E-001
 6.85   3.084E-033   3.244E-027   5.002E-022   1.474E-017   1.207E-013   3.201E-010   4.066E-007   2.147E-004   3.940E-002   2.250E-001   7.354E-001
 6.80   1.880E-032   1.698E-026   2.221E-021   5.548E-017   3.834E-013   8.512E-010   9.047E-007   4.092E-004   6.919E-002   2.925E-001   6.379E-001
 6.75   1.136E-031   8.798E-026   9.733E-021   2.054E-016   1.194E-012   2.211E-009   1.957E-006   7.547E-004   1.185E-001   3.645E-001   5.162E-001
 6.70   6.715E-031   4.446E-025   4.150E-020   7.371E-016   3.589E-012   5.519E-009   4.048E-006   1.321E-003   1.942E-001   4.266E-001   3.779E-001
 6.65   3.820E-030   2.159E-024   1.694E-019   2.525E-015   1.026E-011   1.304E-008   7.874E-006   2.158E-003   2.992E-001   4.573E-001   2.413E-001
 6.60   2.081E-029   1.001E-023   6.589E-019   8.204E-015   2.769E-011   2.900E-008   1.432E-005   3.261E-003   4.295E-001   4.381E-001   1.292E-001
 6.55   1.087E-028   4.444E-023   2.445E-018   2.534E-014   7.080E-011   6.075E-008   2.433E-005   4.552E-003   5.718E-001   3.671E-001   5.656E-002
 6.50   5.492E-028   1.903E-022   8.718E-018   7.495E-014   1.725E-010   1.207E-007   3.893E-005   5.900E-003   7.074E-001   2.663E-001   2.035E-002
 6.45   2.719E-027   7.965E-022   3.029E-017   2.152E-013   4.064E-010   2.306E-007   5.931E-005   7.176E-003   8.167E-001   1.698E-001   6.222E-003
 6.40   1.356E-026   3.350E-021   1.053E-016   6.159E-013   9.496E-010   4.343E-007   8.817E-005   8.374E-003   8.922E-001   9.761E-002   1.692E-003
 6.35   7.020E-026   1.457E-020   3.772E-016   1.809E-012   2.264E-009   8.287E-007   1.315E-004   9.633E-003   9.373E-001   5.251E-002   4.318E-004
 6.30   3.872E-025   6.735E-020   1.429E-015   5.598E-012   5.657E-009   1.646E-006   2.017E-004   1.120E-002   9.611E-001   2.738E-002   1.046E-004
 6.25   2.340E-024   3.397E-019   5.883E-015   1.874E-011   1.519E-008   3.484E-006   3.260E-004   1.346E-002   9.724E-001   1.374E-002   2.360E-005
 6.20   1.577E-023   1.903E-018   2.678E-014   6.899E-011   4.453E-008   7.980E-006   5.621E-004   1.692E-002   9.760E-001   6.534E-003   4.976E-006
 6.15   1.197E-022   1.196E-017   1.361E-013   2.818E-010   1.437E-007   1.992E-005   1.040E-003   2.233E-002   9.738E-001   2.842E-003   9.483E-007
 6.10   1.018E-021   8.385E-017   7.684E-013   1.273E-009   5.092E-007   5.405E-005   2.059E-003   3.082E-002   9.660E-001   1.086E-003   1.589E-007
 6.05   9.786E-021   6.618E-016   4.857E-012   6.395E-009   1.990E-006   1.596E-004   4.355E-003   4.426E-002   9.509E-001   3.632E-004   2.436E-008
 6.00   1.060E-019   5.865E-015   3.428E-011   3.565E-008   8.535E-006   5.101E-004   9.768E-003   6.548E-002   9.241E-001   1.133E-004   3.775E-009
 5.95   1.284E-018   5.785E-014   2.678E-010   2.183E-007   3.981E-005   1.744E-003   2.289E-002   9.833E-002   8.770E-001   3.520E-005   6.231E-010
 5.90   1.682E-017   6.148E-013   2.241E-009   1.422E-006   1.949E-004   6.153E-003   5.402E-002   1.445E-001   7.951E-001   1.107E-005   1.075E-010
 5.85   2.222E-016   6.572E-012   1.874E-008   9.170E-006   9.327E-004   2.080E-002   1.190E-001   1.926E-001   6.666E-001   3.486E-006   1.875E-011
 5.80   2.738E-015   6.527E-011   1.447E-007   5.407E-005   4.013E-003   6.174E-002   2.239E-001   2.113E-001   4.990E-001   1.098E-006   3.299E-012
 5.75   2.925E-014   5.605E-010   9.597E-007   2.711E-004   1.443E-002   1.495E-001   3.314E-001   1.752E-001   3.292E-001   3.516E-007   5.981E-013
 5.70   2.657E-013   4.078E-009   5.352E-006   1.129E-003   4.217E-002   2.860E-001   3.697E-001   1.055E-001   1.956E-001   1.153E-007   1.131E-013
 5.65   2.064E-012   2.529E-008   2.526E-005   3.925E-003   1.006E-001   4.310E-001   3.083E-001   4.709E-002   1.090E-001   3.853E-008   2.214E-014
 5.60   1.407E-011   1.371E-007   1.033E-004   1.163E-002   1.995E-001   5.175E-001   1.942E-001   1.710E-002   5.999E-002   1.341E-008   4.632E-015
 5.55   8.614E-011   6.662E-007   3.752E-004   3.008E-002   3.349E-001   4.994E-001   9.404E-002   6.250E-003   3.488E-002   5.268E-009   1.165E-015
 5.50   4.821E-010   2.950E-006   1.231E-003   6.878E-002   4.785E-001   3.900E-001   3.599E-002   2.987E-003   2.252E-002   2.501E-009   3.892E-016
 5.45   2.461E-009   1.191E-005   3.648E-003   1.392E-001   5.785E-001   2.490E-001   1.174E-002   1.907E-003   1.602E-002   1.409E-009   1.677E-016
 5.40   1.145E-008   4.375E-005   9.726E-003   2.477E-001   5.910E-001   1.342E-001   3.795E-003   1.407E-003   1.216E-002   8.883E-010   8.551E-017
 5.35   4.815E-008   1.452E-004   2.313E-002   3.828E-001   5.179E-001   6.384E-002   1.508E-003   1.103E-003   9.578E-003   5.973E-010   4.799E-017
 5.30   1.834E-007   4.369E-004   4.928E-002   5.130E-001   4.004E-001   2.743E-002   8.723E-004   8.905E-004   7.686E-003   4.155E-010   2.835E-017
 5.25   6.485E-007   1.220E-003   9.624E-002   6.047E-001   2.793E-001   1.090E-002   6.644E-004   7.307E-004   6.217E-003   2.937E-010   1.717E-017
 5.20   2.120E-006   3.159E-003   1.721E-001   6.344E-001   1.799E-001   4.321E-003   5.611E-004   6.065E-004   5.040E-003   2.088E-010   1.050E-017
 5.15   6.258E-006   7.408E-003   2.753E-001   6.005E-001   1.097E-001   1.964E-003   4.885E-004   5.084E-004   4.084E-003   1.486E-010   6.448E-018
 5.10   1.651E-005   1.562E-002   3.906E-001   5.228E-001   6.563E-002   1.155E-003   4.305E-004   4.304E-004   3.303E-003   1.057E-010   3.962E-018
 5.05   3.920E-005   2.982E-002   4.978E-001   4.280E-001   4.002E-002   8.601E-004   3.821E-004   3.680E-004   2.664E-003   7.505E-011   2.431E-018
 5.00   8.289E-005   5.106E-002   5.826E-001   3.372E-001   2.561E-002   7.310E-004   3.402E-004   3.175E-004   2.139E-003   5.303E-011   1.484E-018
 4.95   1.558E-004   7.823E-002   6.400E-001   2.612E-001   1.741E-002   6.583E-004   3.025E-004   2.760E-004   1.707E-003   3.715E-011   8.968E-019
 4.90   2.636E-004   1.085E-001   6.731E-001   2.031E-001   1.256E-002   6.051E-004   2.673E-004   2.411E-004   1.348E-003   2.569E-011   5.330E-019
 4.85   4.082E-004   1.385E-001   6.885E-001   1.611E-001   9.519E-003   5.572E-004   2.332E-004   2.108E-004   1.052E-003   1.745E-011   3.094E-019
 4.80   5.877E-004   1.657E-001   6.934E-001   1.311E-001   7.490E-003   5.079E-004   1.995E-004   1.836E-004   8.069E-004   1.158E-011   1.741E-019
 4.75   7.951E-004   1.890E-001   6.931E-001   1.097E-001   6.046E-003   4.539E-004   1.664E-004   1.585E-004   6.069E-004   7.474E-012   9.437E-020
 4.70   1.030E-003   2.081E-001   6.911E-001   9.369E-002   4.952E-003   3.947E-004   1.347E-004   1.348E-004   4.465E-004   4.672E-012   4.904E-020
 4.65   1.293E-003   2.236E-001   6.888E-001   8.129E-002   4.081E-003   3.327E-004   1.058E-004   1.126E-004   3.217E-004   2.835E-012   2.450E-020
 4.60   1.584E-003   2.365E-001   6.866E-001   7.126E-002   3.369E-003   2.724E-004   8.114E-005   9.221E-005   2.283E-004   1.686E-012   1.193E-020
 4.55   1.897E-003   2.476E-001   6.843E-001   6.293E-002   2.785E-003   2.183E-004   6.135E-005   7.451E-005   1.613E-004   9.984E-013   5.786E-021
 4.50   2.227E-003   2.575E-001   6.817E-001   5.587E-002   2.307E-003   1.728E-004   4.620E-005   5.974E-005   1.145E-004   5.962E-013   2.844E-021
 4.45   2.579E-003   2.671E-001   6.785E-001   4.959E-002   1.906E-003   1.348E-004   3.455E-005   4.736E-005   8.102E-005   3.556E-013   1.399E-021
 4.40   2.977E-003   2.771E-001   6.745E-001   4.365E-002   1.552E-003   1.024E-004   2.524E-005   3.662E-005   5.612E-005   2.058E-013   6.616E-022
 4.35   3.460E-003   2.885E-001   6.690E-001   3.766E-002   1.223E-003   7.378E-005   1.751E-005   2.698E-005   3.689E-005   1.104E-013   2.827E-022
 4.30   4.094E-003   3.024E-001   6.612E-001   3.131E-002   9.069E-004   4.840E-005   1.105E-005   1.825E-005   2.200E-005   5.140E-014   9.959E-023
 4.25   4.998E-003   3.205E-001   6.494E-001   2.445E-002   6.062E-004   2.708E-005   5.956E-006   1.066E-005   1.112E-005   1.884E-014   2.547E-023
 4.20   6.384E-003   3.454E-001   6.307E-001   1.718E-002   3.392E-004   1.162E-005   2.471E-006   4.875E-006   4.278E-006   4.633E-015   3.807E-024
 4.15   8.655E-003   3.804E-001   6.007E-001   1.012E-002   1.405E-004   3.238E-006   6.701E-007   1.476E-006   1.053E-006   5.966E-016   2.395E-025
 4.10   1.257E-002   4.293E-001   5.536E-001   4.475E-003   3.559E-005   4.586E-007   9.185E-008   2.295E-007   1.278E-007   2.794E-017   4.062E-027
 4.05   1.947E-002   4.942E-001   4.850E-001   1.264E-003   4.213E-006   2.331E-008   4.498E-009   1.293E-008   5.340E-009   2.843E-019   9.263E-030
 4.00   3.151E-002   5.717E-001   3.966E-001   1.871E-004   1.744E-007   3.095E-010   5.760E-011   1.925E-010   5.689E-011   6.111E-022   4.441E-033
 3.95   5.136E-002   6.504E-001   2.982E-001   1.181E-005   1.887E-009   7.493E-013   1.341E-013   5.216E-013   9.685E-014   8.970E-026   8.421E-038
 3.90   8.161E-002   7.142E-001   2.042E-001   2.859E-007   8.439E-012   1.291E-015   2.322E-016   1.053E-015   1.322E-016   1.095E-029  -4.915E-042
 3.85   1.240E-001   7.499E-001   1.260E-001   2.065E-009   6.743E-015   1.526E-019   2.126E-020   1.084E-019  -6.936E-021  -7.035E-034  -1.850E-046
 3.80   1.797E-001   7.512E-001   6.911E-002   4.855E-012   1.135E-018  -2.551E-023  -4.184E-024  -2.434E-023   1.608E-024   2.015E-038  -1.113E-050
 3.75   2.489E-001   7.182E-001   3.285E-002   1.412E-015   5.659E-023  -1.089E-027  -1.680E-028  -1.099E-027   6.641E-029  -6.187E-044   1.149E-055
 3.70   3.310E-001   6.559E-001   1.309E-002   3.923E-020  -4.353E-027   2.512E-032   4.076E-033   2.968E-032   3.415E-034  -9.472E-049   8.782E-062
 3.65   4.227E-001   5.731E-001   4.259E-003  -2.600E-024  -1.631E-031   1.476E-036   2.355E-037   1.845E-036   1.682E-038   5.764E-054  -9.270E-067
 3.60   5.153E-001   4.835E-001   1.168E-003   4.377E-028   8.316E-036  -1.248E-041  -1.799E-042  -1.478E-041   6.142E-043   6.201E-059   1.332E-072
 3.55   5.938E-001   4.059E-001   3.246E-004   3.530E-032   2.702E-040  -8.549E-047  -1.343E-047  -1.164E-046  -5.789E-048  -2.038E-064  -2.893E-079
 3.50   6.459E-001   3.540E-001   1.220E-004   6.985E-036   1.141E-043  -4.722E-050  -7.129E-051  -6.333E-050  -2.583E-051  -2.733E-068  -3.753E-084
 3.45   6.750E-001   3.250E-001   6.695E-005  -1.922E-037  -2.939E-045   1.182E-051   1.696E-052   1.525E-051   3.199E-053   1.014E-070   2.005E-087
 3.40   6.913E-001   3.087E-001   4.694E-005   8.728E-039   1.338E-046  -5.667E-053  -7.958E-054  -7.190E-053  -1.369E-054  -2.782E-072  -2.943E-089
 3.35   7.021E-001   2.979E-001   3.685E-005  -2.883E-041   1.411E-050   3.719E-055   6.493E-056   5.892E-055   4.361E-056   1.056E-073   9.451E-091
 3.30   7.106E-001   2.894E-001   3.033E-005  -9.124E-043   5.894E-052   2.613E-056   2.702E-057   2.376E-056  -7.343E-058  -4.894E-075  -4.859E-092
 3.25   7.180E-001   2.820E-001   2.552E-005  -5.245E-044   4.317E-053   8.616E-058   1.353E-058   1.160E-057   8.689E-061   2.524E-076   3.438E-093
 3.20   7.248E-001   2.752E-001   2.173E-005  -4.145E-045   4.210E-054   1.123E-058   1.139E-059   9.554E-059   1.406E-062  -1.202E-077  -2.632E-094
 3.15   7.311E-001   2.689E-001   1.865E-005  -4.222E-046   5.036E-055   1.046E-059   1.272E-060   1.025E-059   5.191E-064   4.211E-079   1.851E-095
 3.10   7.371E-001   2.629E-001   1.609E-005  -5.318E-047   7.030E-056   1.642E-060   1.730E-061   1.342E-060   3.022E-065  -8.177E-081  -1.099E-096
 3.05   7.428E-001   2.572E-001   1.395E-005  -8.052E-048   1.106E-056   2.753E-061   2.780E-062   2.053E-061   2.387E-066   2.302E-083   5.089E-098
 3.00   7.483E-001   2.517E-001   1.214E-005  -1.436E-048   1.912E-057   5.372E-062   5.078E-063   3.555E-062   2.353E-067   3.129E-085  -1.667E-099
 2.95   7.536E-001   2.464E-001   1.059E-005  -2.970E-049   3.551E-058   1.169E-062   1.033E-063   6.796E-063   2.740E-068   9.089E-087   3.269E-101
 2.90   7.588E-001   2.412E-001   9.253E-006  -7.037E-050   6.950E-059   2.780E-063   2.296E-064   1.406E-063   3.627E-069   3.913E-088  -2.448E-103
 2.85   7.638E-001   2.362E-001   8.096E-006  -1.891E-050   1.408E-059   7.084E-064   5.496E-065   3.099E-064   5.302E-070   2.161E-089  -7.713E-106
 2.80   7.687E-001   2.313E-001   7.090E-006  -5.713E-051   2.898E-060   1.904E-064   1.402E-065   7.158E-065   8.321E-071   1.383E-090  -7.654E-108
 2.75   7.735E-001   2.265E-001   6.210E-006  -1.925E-051   5.946E-061   5.324E-065   3.771E-066   1.708E-065   1.369E-071   9.539E-092  -9.370E-110
 2.70   7.783E-001   2.217E-001   5.438E-006  -7.192E-052   1.200E-061   1.535E-065   1.060E-066   4.172E-066   2.334E-072   6.971E-093  -1.375E-111
 2.65   7.830E-001   2.170E-001   4.759E-006  -2.958E-052   2.353E-062   4.537E-066   3.099E-067   1.034E-066   4.073E-073   5.308E-094  -2.326E-113
 2.60   7.878E-001   2.122E-001   4.160E-006  -1.329E-052   4.433E-063   1.371E-066   9.388E-068   2.577E-067   7.198E-074   4.143E-095  -4.384E-115
 2.55   7.925E-001   2.075E-001   3.631E-006  -6.472E-053   7.956E-064   4.230E-067   2.930E-068   6.403E-068   1.274E-074   3.264E-096  -9.009E-117
 2.50   7.972E-001   2.028E-001   3.163E-006  -3.386E-053   1.339E-064   1.332E-067   9.391E-069   1.567E-068   2.217E-075   2.472E-097  -1.618E-118
 2.45   8.019E-001   1.981E-001   2.748E-006  -1.887E-053   2.079E-065   4.281E-068   3.061E-069   3.730E-069   3.718E-076   1.695E-098  -1.713E-120
 2.40   8.068E-001   1.932E-001   2.380E-006  -1.111E-053   2.946E-066   1.405E-068   1.002E-069   8.530E-070   5.905E-077   1.003E-099  -2.036E-123
 2.35   8.117E-001   1.883E-001   2.053E-006  -6.861E-054   3.789E-067   4.711E-069   3.249E-070   1.851E-070   8.721E-078   4.795E-101   1.982E-125
 2.30   8.167E-001   1.833E-001   1.762E-006  -4.405E-054   4.454E-068   1.609E-069   1.028E-070   3.762E-071   1.174E-078   1.689E-102  -4.230E-127
 2.25   8.219E-001   1.781E-001   1.503E-006  -2.917E-054   5.001E-069   5.572E-070   3.108E-071   7.058E-072   1.413E-079   3.767E-104   1.369E-128
 2.20   8.272E-001   1.728E-001   1.273E-006  -1.977E-054   6.122E-070   1.938E-070   8.801E-072   1.207E-072   1.491E-080   3.943E-106  -5.622E-130
 2.15   8.327E-001   1.673E-001   1.068E-006  -1.359E-054   1.024E-070   6.683E-071   2.288E-072   1.859E-073   1.364E-081   5.986E-109   2.532E-131
 2.10   8.385E-001   1.615E-001   8.863E-007  -9.404E-055   2.528E-071   2.252E-071   5.374E-073   2.567E-074   1.085E-082  -1.320E-111  -1.047E-132
 2.05   8.445E-001   1.555E-001   7.258E-007  -6.490E-055   7.739E-072   7.281E-072   1.120E-073   3.115E-075   7.299E-084   7.231E-114   3.829E-134
 2.00   8.508E-001   1.492E-001   5.854E-007  -4.432E-055   2.523E-072   2.214E-072   2.018E-074   3.141E-076   3.654E-085  -1.196E-115  -1.629E-135
 1.95   8.573E-001   1.427E-001   4.640E-007  -2.975E-055   8.217E-073   6.243E-073   3.100E-075   2.590E-077   1.306E-086   2.802E-117   7.156E-137
 1.90   8.641E-001   1.359E-001   3.607E-007  -1.951E-055   2.603E-073   1.615E-073   4.050E-076   1.750E-078   3.375E-088  -6.849E-119  -2.800E-138
 1.85   8.711E-001   1.289E-001   2.745E-007  -1.244E-055   7.926E-074   3.793E-074   4.451E-077   9.503E-080   5.987E-090   1.591E-120   8.992E-140
 1.80   8.784E-001   1.216E-001   2.049E-007  -7.736E-056   2.378E-074   8.144E-075   3.739E-078   2.394E-081  -1.042E-091  -1.187E-121  -8.621E-141
 1.75   8.858E-001   1.142E-001   1.496E-007  -4.654E-056   6.799E-075   1.571E-075   2.593E-079   4.454E-083   1.806E-093   7.281E-123   6.312E-142
 1.70   8.933E-001   1.067E-001   1.068E-007  -2.704E-056   1.862E-075   2.673E-076   1.351E-080   3.109E-085  -4.429E-095  -4.384E-124  -4.196E-143
 1.65   9.009E-001   9.911E-002   7.467E-008  -1.515E-056   4.894E-076   3.969E-077   4.790E-082  -1.569E-087   1.466E-096   2.755E-125   2.746E-144
 1.60   9.084E-001   9.158E-002   5.119E-008  -8.184E-057   1.239E-076   5.115E-078   1.019E-083   2.323E-089  -5.808E-098  -1.761E-126  -1.745E-145
 1.55   9.159E-001   8.415E-002   3.447E-008  -4.254E-057   3.013E-077   5.670E-079   9.143E-086  -5.329E-091   2.598E-099   1.131E-127   1.070E-146
 1.50   9.231E-001   7.689E-002   2.284E-008  -2.125E-057   6.990E-078   5.326E-080  -1.855E-088   1.601E-092  -1.273E-100  -7.251E-129  -6.330E-148
 1.45   9.301E-001   6.986E-002   1.492E-008  -1.016E-057   1.523E-078   4.135E-081   2.263E-090  -5.846E-094   6.729E-102   4.631E-130   3.615E-149
 1.40   9.369E-001   6.312E-002   9.613E-009  -4.637E-058   3.059E-079   2.549E-082  -4.928E-092   2.488E-095  -3.790E-103  -2.940E-131  -1.992E-150
 1.35   9.433E-001   5.671E-002   6.119E-009  -2.007E-058   5.540E-080   1.168E-083   1.515E-093  -1.198E-096   2.250E-104   1.844E-132   1.053E-151
 1.30   9.493E-001   5.067E-002   3.849E-009  -8.195E-059   8.844E-081   3.552E-085  -5.885E-095   6.343E-098  -1.388E-105  -1.131E-133  -5.278E-153
 1.25   9.550E-001   4.503E-002   2.393E-009  -3.135E-059   1.216E-081   5.612E-087   2.687E-096  -3.594E-099   8.727E-107   6.664E-135   2.458E-154
 1.20   9.602E-001   3.983E-002   1.470E-009  -1.117E-059   1.406E-082   1.443E-089  -1.366E-097   2.120E-100  -5.485E-108  -3.709E-136  -1.043E-155
 1.15   9.649E-001   3.508E-002   8.924E-010  -3.685E-060   1.336E-083  -1.301E-091   7.446E-099  -1.274E-101   3.396E-109   1.929E-137   3.995E-157
 1.10   9.692E-001   3.080E-002   5.343E-010  -1.121E-060   1.012E-084   2.500E-093  -4.266E-100   7.755E-103  -2.067E-110  -9.411E-139  -1.391E-158
 1.05   9.730E-001   2.696E-002   3.148E-010  -3.126E-061   5.845E-086  -7.131E-095   2.557E-101  -4.796E-104   1.249E-111   4.385E-140   4.516E-160
 1.00   9.765E-001   2.353E-002   1.818E-010  -7.927E-062   2.369E-087   2.662E-096  -1.603E-102   3.033E-105  -7.564E-113  -1.987E-141  -1.401E-161
 0.95   9.795E-001   2.047E-002   1.015E-010  -1.730E-062   4.222E-089  -1.117E-097   8.043E-104  -1.424E-106   3.037E-114   4.101E-143   1.090E-163
