 9.00   0.000E+000  -3.557E-017   9.795E-017   1.254E-016  -8.858E-017  -8.100E-017  -4.867E-017   1.127E-017   4.261E-017   4.596E-017   3.990E-017  -4.795E-017   0.000E+000   1.532E-016   9.566E-013   4.013E-009   8.378E-006   4.705E-003   9.953E-001
 8.95   2.912E-073   4.297E-065   7.287E-061   1.166E-058   8.765E-056   2.389E-054   5.560E-049   2.152E-043   5.878E-038   3.430E-033   1.198E-028   2.275E-024   2.725E-020   2.443E-016   1.710E-012   6.295E-009   1.152E-005   5.486E-003   9.945E-001
 8.90   6.966E-088   9.950E-080   1.812E-072   6.882E-066   6.667E-060   5.466E-054   2.806E-048   9.559E-043   2.291E-037   1.175E-032   3.602E-028   6.002E-024   6.306E-020   4.961E-016   3.050E-012   9.846E-009   1.580E-005   6.387E-003   9.936E-001
 8.85   6.409E-087   8.744E-079   1.473E-071   4.987E-065   4.309E-059   3.138E-053   1.419E-047   4.250E-042   8.936E-037   4.030E-032   1.084E-027   1.585E-023   1.460E-019   1.007E-015   5.432E-012   1.536E-008   2.162E-005   7.425E-003   9.926E-001
 8.80   5.941E-086   7.732E-078   1.203E-070   3.627E-064   2.794E-058   1.802E-052   7.171E-047   1.891E-041   3.489E-036   1.383E-031   3.264E-027   4.182E-023   3.378E-019   2.042E-015   9.655E-012   2.390E-008   2.952E-005   8.620E-003   9.914E-001
 8.75   5.551E-085   6.885E-077   9.870E-070   2.651E-063   1.818E-057   1.039E-051   3.641E-046   8.445E-041   1.367E-035   4.759E-031   9.847E-027   1.106E-022   7.827E-019   4.141E-015   1.716E-011   3.716E-008   4.024E-005   9.997E-003   9.900E-001
 8.70   5.238E-084   6.182E-076   8.151E-069   1.948E-062   1.188E-056   6.014E-051   1.855E-045   3.784E-040   5.373E-035   1.643E-030   2.979E-026   2.930E-022   1.815E-018   8.404E-015   3.050E-011   5.769E-008   5.477E-005   1.158E-002   9.884E-001
 8.65   4.989E-083   5.594E-075   6.769E-068   1.439E-061   7.799E-056   3.491E-050   9.480E-045   1.702E-039   2.118E-034   5.685E-030   9.029E-026   7.771E-022   4.212E-018   1.705E-014   5.418E-011   8.954E-008   7.450E-005   1.341E-002   9.865E-001
 8.60   4.824E-082   5.130E-074   5.686E-067   1.074E-060   5.169E-055   2.045E-049   4.886E-044   7.710E-039   8.412E-034   1.981E-029   2.752E-025   2.072E-021   9.814E-018   3.470E-014   9.638E-011   1.390E-007   1.013E-004   1.552E-002   9.844E-001
 8.55   4.719E-081   4.752E-073   4.812E-066   8.075E-060   3.448E-054   1.205E-048   2.534E-043   3.516E-038   3.360E-033   6.936E-029   8.428E-025   5.542E-021   2.293E-017   7.074E-014   1.718E-010   2.160E-007   1.378E-004   1.797E-002   9.819E-001
 8.50   4.683E-080   4.456E-072   4.118E-065   6.135E-059   2.321E-053   7.162E-048   1.325E-042   1.615E-037   1.351E-032   2.443E-028   2.593E-024   1.489E-020   5.375E-017   1.446E-013   3.064E-010   3.359E-007   1.875E-004   2.080E-002   9.790E-001
 8.45   4.729E-079   4.245E-071   3.571E-064   4.721E-058   1.581E-052   4.303E-047   7.000E-042   7.496E-037   5.489E-032   8.684E-028   8.048E-024   4.028E-020   1.268E-016   2.970E-013   5.493E-010   5.243E-007   2.557E-004   2.409E-002   9.757E-001
 8.40   4.845E-078   4.094E-070   3.128E-063   3.666E-057   1.087E-051   2.607E-046   3.729E-041   3.509E-036   2.246E-031   3.111E-027   2.515E-023   1.097E-019   3.007E-016   6.127E-013   9.877E-010   8.204E-007   3.494E-004   2.792E-002   9.717E-001
 8.35   5.058E-077   4.013E-069   2.780E-062   2.889E-056   7.569E-051   1.599E-045   2.011E-040   1.660E-035   9.289E-031   1.124E-026   7.915E-023   3.005E-019   7.169E-016   1.269E-012   1.782E-009   1.288E-006   4.788E-004   3.240E-002   9.671E-001
 8.30   5.391E-076   4.008E-068   2.512E-061   2.312E-055   5.350E-050   9.946E-045   1.099E-039   7.960E-035   3.887E-030   4.107E-026   2.519E-022   8.312E-019   1.723E-015   2.649E-012   3.235E-009   2.030E-006   6.578E-004   3.764E-002   9.617E-001
 8.25   5.865E-075   4.076E-067   2.307E-060   1.879E-054   3.836E-049   6.272E-044   6.083E-039   3.866E-034   1.647E-029   1.517E-025   8.091E-022   2.319E-018   4.174E-015   5.559E-012   5.901E-009   3.216E-006   9.083E-004   4.381E-002   9.553E-001
 8.20   6.513E-074   4.220E-066   2.154E-059   1.552E-053   2.793E-048   4.014E-043   3.417E-038   1.903E-033   7.064E-029   5.674E-025   2.628E-021   6.535E-018   1.020E-014   1.176E-011   1.084E-008   5.125E-006   1.261E-003   5.111E-002   9.476E-001
 8.15   7.391E-073   4.454E-065   2.044E-058   1.303E-052   2.065E-047   2.607E-042   1.947E-037   9.497E-033   3.070E-028   2.147E-024   8.632E-021   1.859E-017   2.514E-014   2.504E-011   2.002E-008   8.209E-006   1.759E-003   5.976E-002   9.385E-001
 8.10   8.602E-072   4.808E-064   1.981E-057   1.116E-051   1.557E-046   1.724E-041   1.129E-036   4.819E-032   1.355E-027   8.243E-024   2.872E-020   5.352E-017   6.257E-014   5.376E-011   3.725E-008   1.323E-005   2.468E-003   7.003E-002   9.275E-001
 8.05   1.029E-070   5.319E-063   1.964E-056   9.770E-051   1.198E-045   1.164E-040   6.677E-036   2.492E-031   6.085E-027   3.215E-023   9.693E-020   1.561E-016   1.576E-013   1.166E-010   6.990E-008   2.149E-005   3.489E-003   8.229E-002   9.142E-001
 8.00   1.261E-069   6.013E-062   1.986E-055   8.719E-050   9.393E-045   7.994E-040   4.017E-035   1.310E-030   2.775E-026   1.273E-022   3.318E-019   4.609E-016   4.012E-013   2.554E-010   1.323E-007   3.518E-005   4.971E-003   9.697E-002   8.980E-001
 7.95   1.592E-068   6.981E-061   2.059E-054   7.970E-049   7.536E-044   5.616E-039   2.470E-034   7.029E-030   1.291E-025   5.129E-022   1.154E-018   1.380E-015   1.034E-012   5.650E-010   2.526E-007   5.802E-005   7.137E-003   1.146E-001   8.782E-001
 7.90   2.065E-067   8.304E-060   2.183E-053   7.448E-048   6.175E-043   4.026E-038   1.548E-033   3.843E-029   6.108E-025   2.100E-021   4.070E-018   4.187E-015   2.696E-012   1.262E-009   4.864E-007   9.639E-005   1.032E-002   1.356E-001   8.540E-001
 7.85   2.758E-066   1.014E-058   2.371E-052   7.125E-047   5.175E-042   2.950E-037   9.909E-033   2.143E-028   2.946E-024   8.755E-021   1.459E-017   1.288E-014   7.114E-012   2.847E-009   9.443E-007   1.612E-004   1.505E-002   1.607E-001   8.241E-001
 7.80   3.785E-065   1.268E-057   2.636E-051   6.972E-046   4.433E-041   2.207E-036   6.471E-032   1.219E-027   1.446E-023   3.709E-020   5.307E-017   4.014E-014   1.898E-011   6.477E-009   1.845E-006   2.715E-004   2.209E-002   1.904E-001   7.872E-001
 7.75   5.348E-064   1.628E-056   3.001E-050   6.982E-045   3.882E-040   1.686E-035   4.313E-031   7.061E-027   7.228E-023   1.597E-019   1.958E-016   1.266E-013   5.115E-011   1.485E-008   3.629E-006   4.590E-004   3.260E-002   2.250E-001   7.419E-001
 7.70   7.743E-063   2.136E-055   3.486E-049   7.130E-044   3.465E-039   1.312E-034   2.923E-030   4.157E-026   3.665E-022   6.965E-019   7.309E-016   4.032E-013   1.388E-010   3.420E-008   7.153E-006   7.779E-004   4.829E-002   2.645E-001   6.864E-001
 7.65   1.151E-061   2.868E-054   4.139E-048   7.434E-043   3.151E-038   1.039E-033   2.015E-029   2.487E-025   1.887E-021   3.077E-018   2.756E-015   1.294E-012   3.788E-010   7.899E-008   1.410E-005   1.315E-003   7.147E-002   3.075E-001   6.196E-001
 7.60   1.743E-060   3.912E-053   4.982E-047   7.858E-042   2.902E-037   8.322E-033   1.403E-028   1.501E-024   9.783E-021   1.366E-017   1.042E-014   4.155E-012   1.031E-009   1.815E-007   2.758E-005   2.206E-003   1.051E-001   3.515E-001   5.412E-001
 7.55   2.679E-059   5.400E-052   6.061E-046   8.381E-041   2.697E-036   6.717E-032   9.837E-028   9.108E-024   5.094E-020   6.073E-017   3.936E-014   1.329E-011   2.789E-009   4.127E-007   5.324E-005   3.643E-003   1.524E-001   3.912E-001   4.526E-001
 7.50   4.147E-058   7.485E-051   7.393E-045   8.959E-040   2.507E-035   5.416E-031   6.882E-027   5.509E-023   2.640E-019   2.681E-016   1.473E-013   4.196E-011   7.426E-009   9.206E-007   1.005E-004   5.867E-003   2.161E-001   4.197E-001   3.582E-001
 7.45   6.449E-057   1.039E-049   9.020E-044   9.571E-039   2.324E-034   4.352E-030   4.791E-026   3.311E-022   1.357E-018   1.170E-015   5.427E-013   1.301E-010   1.935E-008   2.002E-006   1.841E-004   9.139E-003   2.970E-001   4.296E-001   2.642E-001
 7.40   9.958E-056   1.429E-048   1.089E-042   1.010E-037   2.128E-033   3.447E-029   3.283E-025   1.957E-021   6.851E-018   4.998E-015   1.954E-012   3.928E-010   4.888E-008   4.204E-006   3.245E-004   1.367E-002   3.926E-001   4.145E-001   1.789E-001
 7.35   1.528E-054   1.949E-047   1.300E-041   1.054E-036   1.924E-032   2.693E-028   2.216E-024   1.137E-020   3.395E-017   2.090E-014   6.857E-012   1.151E-009   1.195E-007   8.502E-006   5.482E-004   1.950E-002   4.959E-001   3.739E-001   1.102E-001
 7.30   2.331E-053   2.632E-046   1.536E-040   1.087E-035   1.715E-031   2.070E-027   1.470E-023   6.486E-020   1.649E-016   8.534E-014   2.343E-011   3.273E-009   2.821E-007   1.653E-005   8.851E-004   2.646E-002   5.970E-001   3.141E-001   6.151E-002
 7.25   3.564E-052   3.556E-045   1.813E-039   1.118E-034   1.522E-030   1.583E-026   9.684E-023   3.667E-019   7.926E-016   3.437E-013   7.858E-011   9.096E-009   6.479E-007   3.111E-005   1.374E-003   3.433E-002   6.871E-001   2.461E-001   3.110E-002
 7.20   5.518E-051   4.852E-044   2.157E-038   1.158E-033   1.359E-029   1.215E-025   6.395E-022   2.076E-018   3.808E-015   1.378E-012   2.614E-010   2.495E-008   1.462E-006   5.719E-005   2.069E-003   4.288E-002   7.607E-001   1.802E-001   1.412E-002
 7.15   8.781E-050   6.788E-043   2.627E-037   1.227E-032   1.239E-028   9.513E-025   4.297E-021   1.193E-017   1.855E-014   5.582E-012   8.744E-010   6.850E-008   3.285E-006   1.041E-004   3.057E-003   5.209E-002   8.166E-001   1.225E-001   5.640E-003
 7.10   1.455E-048   9.862E-042   3.317E-036   1.345E-031   1.167E-027   7.670E-024   2.969E-020   7.038E-017   9.262E-014   2.304E-011   2.968E-009   1.899E-007   7.411E-006   1.889E-004   4.469E-003   6.201E-002   8.545E-001   7.683E-002   1.946E-003
 7.05   2.539E-047   1.507E-040   4.398E-035   1.547E-030   1.150E-026   6.462E-023   2.139E-019   4.321E-016   4.807E-013   9.846E-011   1.038E-008   5.392E-007   1.702E-005   3.466E-004   6.540E-003   7.301E-002   8.756E-001   4.395E-002   5.738E-004
 7.00   4.751E-046   2.461E-039   6.224E-034   1.895E-029   1.206E-025   5.779E-022   1.632E-018   2.804E-015   2.634E-012   4.414E-010   3.786E-008   1.588E-006   4.027E-005   6.499E-004   9.661E-003   8.561E-002   8.807E-001   2.319E-002   1.487E-004
 6.95   9.632E-045   4.349E-038   9.512E-033   2.505E-028   1.360E-024   5.547E-021   1.333E-017   1.943E-014   1.539E-011   2.102E-009   1.458E-007   4.905E-006   9.921E-005   1.257E-003   1.453E-002   1.006E-001   8.719E-001   1.149E-002   3.515E-005
 6.90   2.138E-043   8.390E-037   1.585E-031   3.603E-027   1.667E-023   5.775E-020   1.178E-016   1.452E-013   9.687E-011   1.072E-008   5.981E-007   1.601E-005   2.562E-004   2.527E-003   2.240E-002   1.194E-001   8.500E-001   5.441E-003   7.847E-006
 6.85   5.256E-042   1.790E-035   2.914E-030   5.712E-026   2.247E-022   6.595E-019   1.139E-015   1.183E-012   6.642E-010   5.915E-008   2.635E-006   5.571E-005   6.986E-004   5.306E-003   3.554E-002   1.431E-001   8.128E-001   2.481E-003   1.649E-006
 6.80   1.438E-040   4.239E-034   5.940E-029   1.002E-024   3.340E-021   8.271E-018   1.204E-014   1.052E-011   4.964E-009   3.534E-007   1.247E-005   2.064E-004   2.008E-003   1.160E-002   5.774E-002   1.722E-001   7.552E-001   1.044E-003   2.947E-007
 6.75   4.318E-039   1.101E-032   1.326E-027   1.921E-023   5.412E-020   1.125E-016   1.377E-013   1.006E-010   3.991E-008   2.256E-006   6.257E-005   8.029E-004   5.994E-003   2.600E-002   9.449E-002   2.046E-001   6.676E-001   3.750E-004   3.904E-008
 6.70   1.391E-037   3.060E-031   3.161E-026   3.928E-022   9.323E-019   1.623E-015   1.662E-012   1.012E-009   3.370E-007   1.501E-005   3.240E-004   3.187E-003   1.802E-002   5.785E-002   1.504E-001   2.309E-001   5.392E-001   1.039E-004   3.238E-009
 6.65   4.487E-036   8.500E-030   7.524E-025   8.001E-021   1.595E-017   2.319E-014   1.980E-011   9.984E-009   2.791E-006   9.715E-005   1.615E-003   1.204E-002   5.095E-002   1.190E-001   2.165E-001   2.299E-001   3.698E-001   1.946E-005   1.389E-010
 6.60   1.320E-034   2.150E-028   1.629E-023   1.479E-019   2.467E-016   2.987E-013   2.114E-010   8.785E-008   2.060E-005   5.554E-004   7.038E-003   3.924E-002   1.222E-001   2.039E-001   2.530E-001   1.810E-001   1.931E-001   2.086E-006   2.452E-012
 6.55   3.231E-033   4.516E-027   2.922E-022   2.262E-018   3.145E-015   3.155E-012   1.842E-009   6.262E-007   1.232E-004   2.546E-003   2.428E-002   9.980E-002   2.249E-001   2.622E-001   2.161E-001   1.012E-001   6.884E-002   1.081E-007   1.415E-014
 6.50   6.409E-032   7.672E-026   4.236E-021   2.788E-017   3.216E-014   2.660E-011   1.274E-008   3.515E-006   5.800E-004   9.097E-003   6.440E-002   1.917E-001   3.064E-001   2.438E-001   1.296E-001   3.844E-002   1.593E-002   2.464E-009   2.415E-017
 6.45   1.065E-030   1.089E-024   5.123E-020   2.860E-016   2.726E-013   1.848E-010   7.213E-008   1.604E-005   2.219E-003   2.609E-002   1.349E-001   2.851E-001   3.164E-001   1.675E-001   5.544E-002   9.975E-003   2.392E-003   2.505E-011   1.269E-020
 6.40   1.542E-029   1.346E-023   5.383E-019   2.542E-015   1.994E-012   1.102E-009   3.480E-007   6.172E-005   7.162E-003   6.224E-002   2.308E-001   3.389E-001   2.549E-001   8.682E-002   1.711E-002   1.772E-003   2.316E-004   1.156E-013   2.112E-024
 6.35   1.994E-028   1.483E-022   5.035E-018   2.006E-014   1.286E-011   5.761E-009   1.462E-006   2.046E-004   1.990E-002   1.258E-001   3.279E-001   3.267E-001   1.615E-001   3.398E-002   3.783E-003   2.127E-004   1.429E-005   2.463E-016   1.025E-028
 6.30   2.319E-027   1.466E-021   4.215E-017   1.412E-013   7.372E-011   2.659E-008   5.379E-006   5.872E-004   4.788E-002   2.167E-001   3.888E-001   2.556E-001   7.997E-002   9.884E-003   5.865E-004   1.694E-005   5.560E-007   2.531E-019   2.094E-033
 6.25   2.467E-026   1.322E-020   3.213E-016   9.027E-013   3.813E-010   1.100E-007   1.757E-005   1.475E-003   1.008E-001   3.201E-001   3.848E-001   1.604E-001   3.023E-002   2.071E-003   6.173E-005   8.639E-007   1.374E-008   1.346E-022   2.011E-038
 6.20   2.424E-025   1.099E-019   2.250E-015   5.283E-012   1.795E-009   4.107E-007   5.138E-005   3.265E-003   1.867E-001   4.064E-001   3.153E-001   7.944E-002   8.523E-003   3.054E-004   4.311E-006   2.764E-008   2.822E-010   1.566E-025   4.469E-042
 6.15   2.216E-024   8.497E-019   1.460E-014   2.856E-011   7.754E-009   1.397E-006   1.354E-004   6.416E-003   3.064E-001   4.429E-001   2.119E-001   3.049E-002   1.763E-003   3.123E-005   1.977E-007   5.458E-010   5.662E-012   2.634E-028   5.843E-046
 6.10   1.907E-023   6.169E-018   8.878E-014   1.441E-010   3.104E-008   4.368E-006   3.249E-004   1.126E-002   4.483E-001   4.144E-001   1.164E-001   9.071E-003   2.690E-004   2.235E-006   6.012E-009   6.577E-012   1.066E-013   6.431E-031   1.650E-049
 6.05   1.577E-022   4.298E-017   5.166E-013   6.929E-010   1.176E-007   1.281E-005   7.224E-004   1.795E-002   5.929E-001   3.341E-001   5.224E-002   2.080E-003   2.992E-005   1.094E-007   1.151E-010   4.451E-014   1.893E-015   1.728E-033   5.634E-053
 6.00   1.272E-021   2.918E-016   2.922E-012   3.225E-009   4.278E-007   3.571E-005   1.509E-003   2.630E-002   7.175E-001   2.349E-001   1.940E-002   3.726E-004   2.438E-006   3.582E-009   1.314E-012   1.631E-016   3.562E-017   5.383E-036   2.384E-056
 5.95   1.024E-020   1.975E-015   1.644E-011   1.487E-008   1.529E-006   9.682E-005   3.026E-003   3.615E-002   8.081E-001   1.465E-001   6.058E-003   5.270E-005   1.427E-007   7.444E-011   8.245E-015   5.136E-019   7.598E-019   2.134E-038   1.598E-059
 5.90   8.411E-020   1.363E-014   9.416E-011   6.943E-008   5.486E-006   2.609E-004   5.950E-003   4.759E-002   8.620E-001   8.257E-002   1.614E-003   5.823E-006   5.760E-009   9.176E-013   2.613E-017   6.320E-021   1.745E-020   9.849E-041   1.423E-062
 5.85   7.224E-019   9.844E-014   5.632E-010   3.371E-007   2.028E-005   7.155E-004   1.173E-002   6.120E-002   8.836E-001   4.240E-002   3.598E-004   4.765E-007   1.462E-010   5.855E-015   3.389E-020   1.369E-022   3.998E-022   4.545E-043   1.068E-065
 5.80   6.596E-018   7.557E-013   3.577E-009   1.730E-006   7.838E-005   2.026E-003   2.347E-002   7.778E-002   8.771E-001   1.948E-002   6.385E-005   2.672E-008   2.116E-012   1.731E-017   1.848E-023   3.034E-024   9.130E-024   2.201E-045   9.929E-069
 5.75   6.436E-017   6.202E-012   2.427E-008   9.428E-006   3.185E-004   5.947E-003   4.786E-002   9.827E-002   8.398E-001   7.781E-003   8.554E-006   9.506E-010   1.561E-014   2.014E-020   5.336E-026   7.041E-026   2.177E-025   1.168E-047   1.046E-071
 5.70   6.681E-016   5.419E-011   1.751E-007   5.434E-005   1.351E-003   1.794E-002   9.821E-002   1.219E-001   7.579E-001   2.587E-003   8.095E-007   1.957E-011   5.311E-017   8.896E-024   1.293E-027   1.760E-027   5.568E-027   7.048E-050   1.346E-074
 5.65   6.732E-015   4.599E-010   1.227E-006   3.024E-004   5.467E-003   5.076E-002   1.852E-001   1.362E-001   6.214E-001   6.939E-004   5.164E-008   2.158E-013   7.205E-020   1.024E-027   3.465E-029   4.661E-029   1.501E-028   4.662E-052   1.874E-077
 5.60   5.874E-014   3.385E-009   7.441E-006   1.448E-003   1.876E-002   1.194E-001   2.839E-001   1.208E-001   4.555E-001   1.519E-004   2.237E-009   1.315E-015   4.987E-023   1.777E-030   1.062E-030   1.411E-030   4.600E-030   3.800E-054   3.626E-080
 5.55   4.200E-013   2.044E-008   3.694E-005   5.634E-003   5.139E-002   2.196E-001   3.313E-001   7.922E-002   3.128E-001   3.162E-005   8.219E-011   5.915E-018   2.916E-026   7.936E-032   4.852E-032   6.369E-032   2.088E-031   5.494E-056   1.553E-082
 5.50   2.473E-012   1.019E-007   1.509E-004   1.791E-002   1.129E-001   3.164E-001   2.931E-001   3.899E-002   2.205E-001   8.224E-006   4.039E-012   3.502E-020   4.643E-029   6.946E-033   4.160E-033   5.398E-033   1.768E-032   1.904E-057   2.102E-084
 5.45   1.234E-011   4.313E-007   5.211E-004   4.778E-002   2.043E-001   3.658E-001   1.998E-001   1.582E-002   1.660E-001   2.974E-006   3.434E-013   3.963E-022   3.097E-031   1.073E-033   6.300E-034   8.090E-034   2.628E-033   1.440E-058   7.827E-086
 5.40   5.289E-011   1.573E-006   1.543E-003   1.082E-001   3.072E-001   3.400E-001   1.048E-001   6.509E-003   1.318E-001   1.387E-006   4.806E-014   9.240E-024   6.896E-033   2.413E-034   1.390E-034   1.771E-034   5.665E-034   1.822E-059   5.664E-087
 5.35   1.936E-010   4.922E-006   3.906E-003   2.074E-001   3.822E-001   2.523E-001   4.257E-002   3.603E-003   1.080E-001   7.545E-007   9.483E-015   3.463E-025   4.542E-034   6.712E-035   3.805E-035   4.825E-035   1.509E-034   3.092E-060   5.999E-088
 5.30   6.098E-010   1.332E-005   8.531E-003   3.397E-001   3.952E-001   1.498E-001   1.418E-002   2.690E-003   8.987E-002   4.477E-007   2.313E-015   2.047E-026   8.193E-035   2.085E-035   1.165E-035   1.479E-035   4.494E-035   6.135E-061   7.797E-089
 5.25   1.690E-009   3.190E-005   1.642E-002   4.855E-001   3.436E-001   7.232E-002   4.615E-003   2.266E-003   7.531E-002   2.788E-007   6.405E-016   1.606E-027   2.412E-035   6.799E-036   3.756E-036   4.801E-036   1.408E-035   1.312E-061   1.121E-089
 5.20   4.221E-009   6.929E-005   2.857E-002   6.189E-001   2.557E-001   2.944E-002   2.076E-003   1.977E-003   6.323E-002   1.783E-007   1.919E-016   1.525E-028   8.130E-036   2.251E-036   1.231E-036   1.597E-036   4.493E-036   2.895E-062   1.685E-090
 5.15   9.738E-009   1.399E-004   4.603E-002   7.192E-001   1.674E-001   1.100E-002   1.448E-003   1.754E-003   5.304E-002   1.157E-007   6.060E-017   1.671E-029   2.814E-036   7.438E-037   4.031E-037   5.353E-037   1.438E-036   6.449E-063   2.580E-091
 5.10   2.123E-008   2.693E-004   7.050E-002   7.781E-001   9.939E-002   4.480E-003   1.237E-003   1.580E-003   4.442E-002   7.582E-008   1.987E-017   2.059E-030   9.697E-037   2.438E-037   1.310E-037   1.795E-037   4.584E-037   1.439E-063   3.978E-092
 5.05   4.499E-008   5.077E-004   1.052E-001   7.974E-001   5.479E-002   2.467E-003   1.117E-003   1.444E-003   3.711E-002   4.988E-008   6.674E-018   2.782E-031   3.285E-037   7.894E-038   4.201E-038   5.983E-038   1.449E-037   3.193E-064   6.127E-093
 5.00   9.339E-008   9.442E-004   1.536E-001   7.816E-001   2.871E-002   1.917E-003   1.024E-003   1.339E-003   3.088E-002   3.277E-008   2.259E-018   4.000E-032   1.081E-037   2.505E-038   1.319E-038   1.962E-038   4.507E-038   6.970E-065   9.296E-094
 4.95   1.886E-007   1.720E-003   2.170E-001   7.372E-001   1.448E-002   1.789E-003   9.457E-004   1.260E-003   2.554E-002   2.135E-008   7.558E-019   5.917E-033   3.411E-038   7.701E-039   4.006E-039   6.237E-039   1.361E-038   1.472E-065   1.361E-094
 4.90   3.631E-007   2.999E-003   2.890E-001   6.758E-001   7.339E-003   1.776E-003   8.733E-004   1.201E-003   2.095E-002   1.370E-008   2.449E-019   8.707E-034   1.018E-038   2.262E-039   1.161E-039   1.891E-039   3.930E-039   2.952E-066   1.878E-095
 4.85   6.667E-007   4.968E-003   3.596E-001   6.105E-001   4.116E-003   1.790E-003   8.014E-004   1.157E-003   1.700E-002   8.586E-009   7.531E-020   1.236E-034   2.829E-039   6.249E-040   3.158E-040   5.371E-040   1.068E-039   5.498E-067   2.379E-096
 4.80   1.191E-006   7.873E-003   4.222E-001   5.498E-001   2.882E-003   1.800E-003   7.255E-004   1.123E-003   1.359E-002   5.220E-009   2.158E-020   1.650E-035   7.230E-040   1.596E-040   7.931E-041   1.403E-040   2.683E-040   9.302E-068   2.694E-097
 4.75   2.114E-006   1.191E-002   4.726E-001   4.987E-001   2.582E-003   1.784E-003   6.432E-004   1.091E-003   1.068E-002   3.058E-009   5.667E-021   2.028E-036   1.674E-040   3.710E-041   1.808E-041   3.317E-041   6.123E-041   1.398E-068   2.653E-098
 4.70   3.819E-006   1.704E-002   5.088E-001   4.599E-001   2.712E-003   1.727E-003   5.546E-004   1.056E-003   8.238E-003   1.718E-009   1.355E-021   2.285E-037   3.484E-041   7.763E-042   3.701E-042   7.026E-042   1.256E-041   1.842E-069   2.228E-099
 4.65   7.308E-006   2.312E-002   5.315E-001   4.330E-001   3.066E-003   1.617E-003   4.642E-004   1.010E-003   6.236E-003   9.294E-010   2.984E-022   2.418E-038   6.570E-042   1.476E-042   6.852E-043   1.345E-042   2.331E-042   2.144E-070   1.618E-100
 4.60   1.530E-005   3.009E-002   5.436E-001   4.153E-001   3.552E-003   1.462E-003   3.788E-004   9.505E-004   4.659E-003   4.901E-010   6.284E-023   2.561E-039   1.162E-042   2.644E-043   1.189E-043   2.413E-043   4.052E-043   2.316E-071   1.086E-101
 4.55   3.444E-005   3.764E-002   5.490E-001   4.033E-001   4.106E-003   1.282E-003   3.036E-004   8.780E-004   3.465E-003   2.574E-010   1.336E-023   2.900E-040   2.028E-043   4.694E-044   2.037E-044   4.280E-044   6.941E-044   2.463E-072   7.166E-103
 4.50   7.588E-005   4.533E-002   5.510E-001   3.942E-001   4.666E-003   1.100E-003   2.420E-004   7.959E-004   2.584E-003   1.369E-010   2.998E-024   3.722E-041   3.647E-044   8.657E-045   3.602E-045   7.851E-045   1.226E-044   2.739E-073   5.038E-104
 4.45   1.520E-004   5.311E-002   5.518E-001   3.860E-001   5.191E-003   9.269E-004   1.921E-004   7.049E-004   1.922E-003   7.311E-011   6.956E-025   5.177E-042   6.545E-045   1.608E-045   6.385E-046   1.444E-045   2.161E-045   3.054E-074   3.576E-105
 4.40   2.781E-004   6.134E-002   5.521E-001   3.777E-001   5.655E-003   7.623E-004   1.505E-004   6.036E-004   1.402E-003   3.785E-011   1.548E-025   6.989E-043   1.068E-045   2.741E-046   1.033E-046   2.420E-046   3.462E-046   3.049E-075   2.262E-106
 4.35   4.775E-004   7.072E-002   5.523E-001   3.683E-001   6.034E-003   6.018E-004   1.133E-004   4.907E-004   9.771E-004   1.804E-011   2.937E-026   7.641E-044   1.346E-046   3.655E-047   1.304E-047   3.153E-047   4.283E-047   2.172E-076   9.233E-108
 4.30   7.917E-004   8.228E-002   5.524E-001   3.568E-001   6.284E-003   4.414E-004   7.936E-005   3.673E-004   6.256E-004   7.333E-012   3.983E-027   5.150E-045   1.015E-047   2.933E-048   9.817E-049   2.432E-048   3.139E-048   7.671E-078   1.510E-109
 4.25   1.302E-003   9.755E-002   5.520E-001   3.419E-001   6.327E-003   2.853E-004   4.875E-005   2.402E-004   3.469E-004   2.284E-012   3.276E-028   1.838E-046   3.808E-049   1.177E-049   3.712E-050   9.365E-050   1.154E-049   1.316E-079   1.358E-111
 4.20   2.180E-003   1.190E-001   5.508E-001   3.216E-001   6.041E-003   1.482E-004   2.398E-005   1.256E-004   1.515E-004   4.565E-013   1.109E-029   1.839E-048   3.863E-051   1.298E-051   3.817E-052   9.697E-052   1.134E-051   4.318E-082   1.654E-114
 4.15   3.789E-003   1.502E-001   5.472E-001   2.934E-001   5.306E-003   5.328E-005   8.150E-006   4.528E-005   4.478E-005   4.453E-014   1.024E-031   3.972E-051   8.139E-054   3.005E-054   8.228E-055   2.085E-054   2.318E-054   3.343E-085   5.378E-118
 4.10   6.912E-003   1.965E-001   5.379E-001   2.545E-001   4.124E-003   1.050E-005   1.521E-006   8.928E-006   7.124E-006   1.435E-015   2.030E-034   1.560E-054   3.137E-057   1.235E-057   3.111E-058   7.782E-058   8.179E-058   1.455E-089  -1.464E-122
 4.05   1.316E-002   2.635E-001   5.165E-001   2.042E-001   2.714E-003   8.209E-007   1.135E-007   7.005E-007   4.435E-007   8.689E-018   1.827E-038   8.324E-059   1.617E-061   7.652E-062   1.814E-062   4.450E-062   4.431E-062   6.914E-094  -4.196E-127
 4.00   2.548E-002   3.532E-001   4.736E-001   1.463E-001   1.437E-003   1.839E-008   2.461E-009   1.586E-008   7.937E-009   1.150E-020  -1.130E-042   2.028E-063   5.129E-066   2.530E-066   5.300E-067   1.261E-066   1.156E-066   1.251E-098  -1.968E-132
 3.95   4.821E-002   4.584E-001   4.025E-001   9.031E-002   5.797E-004   8.480E-011   1.095E-011   7.306E-011   2.780E-011   7.489E-025  -1.380E-047  -1.259E-068  -3.695E-071  -1.898E-071  -3.496E-072  -8.030E-072  -6.685E-072  -1.173E-104  -2.518E-138
 3.90   8.612E-002   5.592E-001   3.078E-001   4.667E-002   1.700E-004   2.211E-013   2.843E-014   1.961E-013   5.936E-014  -3.543E-031  -4.636E-052  -6.704E-074  -1.420E-076  -7.306E-077  -1.090E-077  -2.396E-077  -1.720E-077   4.407E-110   7.872E-144
 3.85   1.426E-001   6.312E-001   2.065E-001   1.964E-002   3.460E-005   6.279E-017   7.045E-018   4.944E-017   6.841E-018   7.800E-036  -9.192E-057   3.950E-079   6.495E-082   4.107E-082   6.460E-083   1.392E-082   9.278E-083  -1.031E-115  -6.099E-150
 3.80   2.186E-001   6.563E-001   1.186E-001   6.483E-003   4.589E-006  -9.722E-021  -1.205E-021  -8.765E-021  -1.311E-021   1.438E-040  -1.809E-061  -2.180E-084  -3.636E-087  -2.537E-087  -3.745E-088  -7.841E-088  -4.479E-088   2.078E-121   4.282E-156
 3.75   3.125E-001   6.293E-001   5.660E-002   1.584E-003   3.593E-007  -4.845E-025  -6.018E-026  -4.523E-025  -6.295E-026  -1.282E-045   2.420E-067  -9.212E-091  -1.442E-093  -1.024E-093  -1.310E-094  -2.660E-094  -1.215E-094   7.477E-129  -7.831E-165
 3.70   4.193E-001   5.588E-001   2.167E-002   2.658E-004   1.467E-008   3.643E-029   4.066E-030   3.116E-029   1.347E-030  -1.330E-050  -4.621E-073  -2.545E-099  -4.753E-101  -4.106E-101  -6.600E-102  -1.353E-101  -5.752E-102   3.501E-136  -1.763E-172
 3.65   5.306E-001   4.629E-001   6.485E-003   2.863E-005   2.786E-010   2.238E-033   2.509E-034   1.979E-033   8.548E-035   1.368E-055   1.905E-078  -5.091E-106  -1.353E-107  -1.127E-107  -1.463E-108  -2.876E-108  -7.818E-109   8.015E-144   2.059E-180
 3.60   6.335E-001   3.649E-001   1.581E-003   2.088E-006   2.818E-012  -5.588E-038  -5.352E-039  -4.249E-038   2.444E-039   8.374E-061  -4.031E-084   4.872E-113   3.374E-115   2.262E-115   8.233E-117   1.028E-116  -9.498E-117   2.793E-151   4.577E-188
 3.55   7.128E-001   2.868E-001   3.869E-004   1.427E-007   1.622E-014  -5.466E-043  -5.776E-044  -4.689E-043  -1.457E-044  -1.879E-066  -7.092E-091   9.590E-121  -1.829E-123  -1.766E-123  -2.596E-124  -4.944E-124  -6.906E-125  -2.565E-160  -6.900E-197
 3.50   7.612E-001   2.387E-001   1.317E-004   1.768E-008   2.652E-016  -2.420E-046  -2.573E-047  -2.077E-046  -7.665E-048  -1.879E-070   9.090E-096  -1.015E-125   2.232E-128   2.086E-128   2.741E-129   5.084E-129   5.483E-130   1.056E-165   1.612E-202
 3.45   7.864E-001   2.135E-001   6.809E-005   4.854E-009   2.324E-017   7.372E-048   7.304E-049   5.733E-048   1.230E-049   5.517E-073   2.828E-099  -7.611E-129   1.688E-131   1.625E-131   2.162E-132   3.862E-132   3.638E-133   5.256E-169   6.185E-206
 3.40   7.999E-001   2.000E-001   4.618E-005   2.273E-009   6.133E-018  -3.366E-049  -3.446E-050  -2.573E-049  -5.602E-051  -1.393E-074  -2.460E-101  -2.981E-131   5.922E-134   5.573E-134   8.194E-135   1.518E-134   1.798E-135   3.012E-171   3.571E-208
 3.35   8.085E-001   1.914E-001   3.550E-005   1.356E-009   2.534E-018  -7.911E-051  -3.106E-052  -2.096E-051   1.436E-052   5.225E-076   6.688E-103   2.978E-133  -6.478E-136  -7.350E-136  -1.138E-136  -1.649E-136  -1.235E-137  -1.014E-173  -5.397E-211
 3.30   8.151E-001   1.849E-001   2.878E-005   8.937E-010   1.252E-018  -1.371E-052  -1.244E-053  -7.801E-053  -4.209E-055  -2.496E-077  -3.318E-104  -9.468E-135   2.310E-137   2.697E-137   4.068E-138   5.228E-138   3.168E-139   1.871E-175   7.440E-213
 3.25   8.206E-001   1.794E-001   2.392E-005   6.164E-010   6.716E-019  -1.877E-053  -1.256E-054  -7.084E-054  -7.593E-057   1.364E-078   2.501E-105   6.627E-136  -1.672E-138  -2.002E-138  -3.107E-139  -3.612E-139  -2.011E-140  -1.031E-176  -3.609E-214
 3.20   8.255E-001   1.745E-001   2.017E-005   4.357E-010   3.771E-019  -2.756E-054  -1.669E-055  -8.402E-055  -2.908E-058  -6.988E-080  -2.149E-106  -6.027E-137   1.529E-139   1.880E-139   3.115E-140   3.243E-140   1.711E-141   7.919E-178   2.511E-215
 3.15   8.299E-001   1.701E-001   1.718E-005   3.129E-010   2.184E-019  -4.962E-055  -2.714E-056  -1.217E-055  -1.757E-059   2.677E-081   1.781E-107   5.758E-138  -1.436E-140  -1.808E-140  -3.305E-141  -3.079E-141  -1.566E-142  -6.670E-179  -1.938E-216
 3.10   8.340E-001   1.660E-001   1.473E-005   2.273E-010   1.294E-019  -1.051E-055  -5.187E-057  -2.059E-056  -1.447E-060  -5.797E-083  -1.318E-108  -5.309E-139   1.262E-141   1.619E-141   3.381E-142   2.875E-142   1.428E-143   5.685E-180   1.528E-217
 3.05   8.378E-001   1.622E-001   1.271E-005   1.666E-010   7.808E-020  -2.534E-056  -1.124E-057  -3.937E-057  -1.496E-061   1.991E-085   8.185E-110   4.462E-140  -9.513E-143  -1.248E-142  -3.127E-143  -2.540E-143  -1.248E-144  -4.715E-181  -1.182E-218
 3.00   8.414E-001   1.586E-001   1.102E-005   1.228E-010   4.775E-020  -6.779E-057  -2.703E-058  -8.314E-058  -1.839E-062   3.009E-087  -3.988E-111  -3.244E-141   5.315E-144   7.425E-144   2.460E-144   2.075E-144   1.022E-145   3.718E-182   8.769E-220
 2.95   8.447E-001   1.553E-001   9.591E-006   9.088E-011   2.950E-020  -1.970E-057  -7.082E-059  -1.903E-058  -2.587E-063   9.967E-089   1.388E-112   1.927E-142  -1.150E-145  -2.539E-145  -1.524E-145  -1.545E-145  -7.730E-147  -2.753E-183  -6.161E-221
 2.90   8.479E-001   1.521E-001   8.369E-006   6.742E-011   1.836E-020  -6.120E-058  -1.998E-059  -4.647E-059  -4.044E-064   4.978E-090  -2.916E-114  -8.713E-144  -1.578E-146  -6.829E-147   6.238E-147   1.041E-146   5.366E-148   1.903E-184   4.078E-222
 2.85   8.509E-001   1.491E-001   7.316E-006   5.004E-011   1.147E-020  -2.005E-058  -6.016E-060  -1.195E-059  -6.864E-065   3.240E-091   2.283E-116   2.703E-145   2.181E-147   1.814E-147  -1.205E-149  -6.343E-148  -3.420E-149  -1.230E-185  -2.546E-223
 2.80   8.538E-001   1.462E-001   6.403E-006   3.709E-011   7.177E-021  -6.850E-059  -1.921E-060  -3.196E-060  -1.237E-065   2.489E-092   4.727E-119  -5.361E-147  -1.275E-148  -1.633E-148  -2.812E-149   3.799E-149   2.184E-150   8.187E-187   1.671E-224
 2.75   8.567E-001   1.433E-001   5.606E-006   2.742E-011   4.486E-021  -2.415E-059  -6.469E-061  -8.785E-061  -2.322E-066   2.108E-093   3.837E-121   4.759E-149  -2.503E-151   1.107E-149   4.015E-150  -2.481E-150  -1.551E-151  -6.250E-188  -1.292E-225
 2.70   8.594E-001   1.406E-001   4.906E-006   2.018E-011   2.792E-021  -8.727E-060  -2.282E-061  -2.462E-061  -4.488E-067   1.923E-094   5.706E-123   1.689E-150   1.025E-150  -5.711E-151  -4.270E-151   1.670E-151   1.149E-152   5.063E-189   1.073E-226
 2.65   8.621E-001   1.379E-001   4.290E-006   1.475E-011   1.726E-021  -3.211E-060  -8.393E-062  -6.980E-062  -8.842E-068   1.847E-095   1.227E-124  -1.650E-152  -1.357E-151   1.524E-152   3.915E-152  -1.110E-152  -8.477E-154  -4.108E-190  -8.955E-228
 2.60   8.647E-001   1.353E-001   3.743E-006   1.069E-011   1.057E-021  -1.194E-060  -3.199E-062  -1.986E-062  -1.757E-068   1.829E-096   3.361E-126  -1.205E-152   1.091E-152   1.003E-153  -3.150E-153   6.972E-154   5.938E-155   3.156E-191   7.037E-229
 2.55   8.673E-001   1.327E-001   3.258E-006   7.669E-012   6.386E-022  -4.459E-061  -1.252E-062  -5.628E-063  -3.488E-069   1.831E-097   1.083E-127   1.316E-153  -6.045E-154  -1.861E-154   2.163E-154  -3.930E-155  -3.719E-156  -2.131E-192  -4.767E-230
 2.50   8.699E-001   1.301E-001   2.826E-006   5.430E-012   3.796E-022  -1.658E-061  -4.982E-063  -1.572E-063  -6.803E-070   1.778E-098   3.467E-129  -9.067E-155   2.626E-155   1.792E-155  -1.407E-155   2.187E-156   2.278E-157   1.380E-193   3.043E-231
 2.45   8.725E-001   1.275E-001   2.440E-006   3.785E-012   2.211E-022  -6.099E-062  -1.986E-063  -4.285E-064  -1.282E-070   1.598E-099   9.200E-131   5.740E-156  -9.555E-157  -1.566E-156   9.854E-157  -1.354E-157  -1.535E-158  -9.710E-195  -2.098E-232
 2.40   8.751E-001   1.249E-001   2.096E-006   2.590E-012   1.256E-022  -2.203E-062  -7.810E-064  -1.128E-064  -2.297E-071   1.281E-100   1.679E-132  -3.771E-157   1.761E-158   1.379E-157  -7.552E-158   9.406E-159   1.146E-159   7.466E-196   1.569E-233
 2.35   8.777E-001   1.223E-001   1.789E-006   1.734E-012   6.926E-023  -7.759E-063  -2.982E-064  -2.834E-065  -3.853E-072   8.748E-102   1.302E-134   2.693E-158   2.093E-159  -1.270E-158   6.344E-159  -7.320E-160  -9.441E-161  -6.247E-197  -1.267E-234
 2.30   8.804E-001   1.196E-001   1.514E-006   1.131E-012   3.687E-023  -2.643E-063  -1.090E-064  -6.727E-066  -5.946E-073   4.806E-103  -5.246E-137  -2.114E-159  -4.257E-160   1.226E-159  -5.766E-160   6.280E-161   8.446E-162   5.594E-198   1.086E-235
 2.25   8.831E-001   1.169E-001   1.270E-006   7.153E-013   1.882E-023  -8.635E-064  -3.762E-065  -1.490E-066  -8.290E-074   1.973E-104   8.285E-139   1.803E-160   5.558E-161  -1.217E-160   5.507E-161  -5.758E-162  -7.953E-163  -5.197E-199  -9.579E-237
 2.20   8.859E-001   1.141E-001   1.054E-006   4.366E-013   9.151E-024  -2.682E-064  -1.214E-065  -3.043E-067  -1.027E-074   5.507E-106  -2.136E-140  -1.620E-161  -6.020E-162   1.184E-161  -5.252E-162   5.366E-163   7.481E-164   4.743E-200   8.207E-238
 2.15   8.887E-001   1.113E-001   8.631E-007   2.556E-013   4.201E-024  -7.854E-065  -3.632E-066  -5.672E-068  -1.117E-075   9.492E-108   6.768E-142   1.444E-162   5.133E-163  -1.030E-162   4.578E-163  -4.671E-164  -6.432E-165  -3.864E-201  -6.169E-239
 2.10   8.917E-001   1.083E-001   6.966E-007   1.426E-013   1.806E-024  -2.150E-065  -1.001E-066  -9.585E-069  -1.068E-076   1.067E-109  -2.077E-143  -1.130E-163  -2.459E-164   6.609E-164  -3.055E-164   3.232E-165   4.232E-166   2.295E-202   3.248E-240
 2.05   8.947E-001   1.053E-001   5.528E-007   7.521E-014   7.193E-025  -5.436E-066  -2.517E-067  -1.443E-069  -8.728E-078   6.016E-112   5.964E-145   7.123E-165  -1.694E-166  -2.577E-165   1.358E-165  -1.600E-166  -1.860E-167  -8.187E-204  -9.282E-242
 2.00   8.979E-001   1.021E-001   4.302E-007   3.718E-014   2.620E-025  -1.245E-066  -5.676E-068  -1.859E-070  -5.542E-079  -4.208E-114  -2.172E-146  -4.107E-166   8.353E-167   8.089E-167  -5.436E-167   7.445E-168   7.498E-169   2.532E-205   2.176E-243
 1.95   9.012E-001   9.878E-002   3.276E-007   1.708E-014   8.624E-026  -2.556E-067  -1.139E-068  -2.022E-071  -2.655E-080   6.540E-116   8.593E-148   1.959E-167  -6.553E-168  -1.520E-168   1.782E-168  -2.987E-169  -2.563E-170  -6.261E-207  -3.841E-245
 1.90   9.047E-001   9.534E-002   2.434E-007   7.225E-015   2.539E-026  -4.679E-068  -2.026E-069  -1.857E-072  -9.694E-082  -1.199E-117  -3.132E-149  -6.584E-169   2.883E-169  -1.049E-170  -3.921E-170   8.837E-171   6.341E-172   1.041E-208   4.225E-247
 1.85   9.082E-001   9.177E-002   1.762E-007   2.787E-015   6.593E-027  -7.557E-069  -3.164E-070  -1.415E-073  -2.606E-083   2.259E-119   9.718E-151   1.280E-170  -6.858E-171   1.361E-171   3.887E-172  -1.596E-172  -9.156E-174  -8.487E-211  -1.852E-249
 1.80   9.119E-001   8.808E-002   1.243E-007   9.889E-016   1.518E-027  -1.057E-069  -4.243E-071  -7.018E-075   1.681E-085  -1.524E-120  -8.875E-152  -1.207E-171   6.699E-172  -1.499E-172  -3.016E-173   1.500E-173   8.215E-175   6.681E-212   1.277E-250
 1.75   9.157E-001   8.428E-002   8.503E-008   3.147E-016   3.016E-028  -1.291E-070  -4.958E-072  -2.811E-076  -1.398E-087   8.621E-122   6.332E-153   7.038E-173  -4.115E-173   1.087E-173   1.091E-174  -8.830E-175  -4.471E-176  -2.924E-213  -4.542E-252
 1.70   9.196E-001   8.039E-002   5.632E-008   8.860E-017   5.036E-029  -1.323E-071  -4.845E-073  -7.420E-078   2.346E-089  -4.903E-123  -4.189E-154  -3.050E-174   1.887E-174  -5.939E-175  -6.155E-177   3.970E-176   1.812E-177   8.730E-215   1.009E-253
 1.65   9.236E-001   7.643E-002   3.604E-008   2.180E-017   6.891E-030  -1.106E-072  -3.848E-074  -9.452E-080  -6.175E-091   2.963E-124   2.768E-155   1.141E-175  -7.317E-176   2.702E-176  -1.703E-177  -1.584E-177  -6.465E-179  -2.189E-216  -1.787E-255
 1.60   9.276E-001   7.241E-002   2.224E-008   4.627E-018   7.541E-031  -7.412E-074  -2.438E-075  -1.301E-082   2.083E-092  -1.847E-125  -1.797E-156  -3.754E-177   2.355E-177  -1.010E-177   1.367E-178   5.607E-179   2.038E-180   4.646E-218   2.551E-257
 1.55   9.316E-001   6.835E-002   1.321E-008   8.346E-019   6.369E-032  -3.859E-075  -1.196E-076   1.079E-084  -8.262E-094   1.169E-126   1.137E-157   1.163E-178  -6.247E-179   3.018E-179  -6.936E-180  -1.772E-180  -5.724E-182  -8.474E-220  -2.993E-259
 1.50   9.357E-001   6.428E-002   7.534E-009   1.252E-019   3.918E-033  -1.479E-076  -4.299E-078  -1.819E-086   3.693E-095  -7.446E-128  -6.994E-159  -3.811E-180   1.424E-180  -6.606E-181   2.773E-181   5.053E-182   1.450E-183   1.352E-221   2.956E-261
 1.45   9.398E-001   6.019E-002   4.107E-009   1.512E-020   1.576E-034  -3.750E-078  -1.011E-079   4.505E-088  -1.817E-096   4.761E-129   4.185E-160   1.388E-181  -3.566E-182   6.279E-183  -9.370E-183  -1.310E-183  -3.345E-185  -1.914E-223  -2.506E-263
 1.40   9.439E-001   5.611E-002   2.130E-009   1.401E-021   3.219E-036  -4.813E-080  -1.165E-081  -1.452E-089   9.696E-098  -3.046E-130  -2.433E-161  -4.985E-183   1.461E-183   3.021E-184   2.758E-184   3.099E-185   7.050E-187   2.414E-225   1.829E-265
 1.35   9.480E-001   5.204E-002   1.045E-009   9.229E-023   6.821E-039  -2.854E-083   1.497E-085   5.696E-091  -5.530E-099   1.937E-131   1.366E-162   1.356E-184  -8.006E-185  -2.219E-185  -7.117E-186  -6.621E-187  -1.343E-188  -2.668E-227  -1.119E-267
 1.30   9.520E-001   4.800E-002   4.810E-010   3.745E-024  -9.785E-041   4.405E-085  -1.679E-087  -2.593E-092   3.317E-100  -1.211E-132  -7.324E-164  -4.789E-187   4.039E-186   8.917E-187   1.587E-187   1.246E-188   2.250E-190   2.478E-229   5.330E-270
 1.25   9.560E-001   4.399E-002   2.063E-010   6.589E-026   2.780E-042  -1.096E-086   3.577E-089   1.315E-093  -2.051E-101   7.320E-134   3.679E-165  -2.367E-187  -1.672E-187  -2.646E-188  -2.969E-189  -1.991E-190  -3.184E-192  -1.808E-231  -1.727E-272
 1.20   9.600E-001   4.004E-002   8.181E-011  -1.555E-028  -1.101E-043   3.621E-088  -1.072E-090  -7.159E-095   1.279E-102  -4.201E-135  -1.699E-166   1.806E-188   5.547E-189   6.087E-190   4.504E-191   2.598E-192   3.651E-194   9.590E-234   3.032E-275
 1.15   9.638E-001   3.617E-002   2.975E-011   2.941E-030   5.270E-045  -1.440E-089   3.977E-092   4.077E-096  -7.916E-104   2.264E-136   7.136E-168  -8.558E-190  -1.478E-190  -1.102E-191  -5.448E-193  -2.715E-194  -3.324E-196  -3.481E-236  -1.718E-278
 1.10   9.676E-001   3.242E-002   9.846E-012  -9.519E-032  -2.842E-046   6.547E-091  -1.717E-093  -2.399E-097   4.851E-105  -1.150E-137  -2.747E-169   3.092E-191   3.245E-192   1.617E-193   5.335E-195   2.311E-196   2.444E-198   8.552E-239  -3.690E-282
 1.05   9.712E-001   2.881E-002   2.940E-012   4.136E-033   1.667E-047  -3.324E-092   8.375E-095   1.459E-098  -2.967E-106   5.596E-139   9.906E-171  -9.339E-193  -6.146E-194  -2.026E-195  -4.443E-197  -1.687E-198  -1.536E-200  -1.535E-241  -2.252E-285
 1.00   9.746E-001   2.537E-002   7.826E-013  -2.180E-034  -1.041E-048   1.856E-093  -4.545E-096  -9.201E-100   1.828E-107  -2.653E-140  -3.426E-172   2.513E-194   1.055E-195   2.296E-197   3.354E-199   1.132E-200   8.895E-203   2.413E-244  -1.505E-288
 0.95   9.779E-001   2.210E-002   1.751E-013   1.107E-035   5.195E-050  -9.448E-095   2.294E-097   4.565E-101  -7.703E-109   6.049E-142   3.649E-174  -9.486E-197   1.906E-198   1.044E-199   1.987E-201   6.959E-203   5.688E-205   1.714E-246  -1.041E-290
