 9.00   7.402E-017   0.000E+000  -3.258E-017   0.000E+000   2.059E-016   1.081E-010   8.013E-006   1.000E+000
 8.95   1.424E-045   5.326E-037   1.862E-029   1.387E-022   3.761E-016   1.478E-010   9.631E-006   1.000E+000
 8.90   3.662E-045   1.209E-036   3.727E-029   2.448E-022   5.847E-016   2.016E-010   1.155E-005   1.000E+000
 8.85   9.391E-045   2.736E-036   7.440E-029   4.311E-022   9.062E-016   2.744E-010   1.382E-005   1.000E+000
 8.80   2.403E-044   6.178E-036   1.482E-028   7.572E-022   1.401E-015   3.723E-010   1.649E-005   1.000E+000
 8.75   6.145E-044   1.394E-035   2.948E-028   1.328E-021   2.163E-015   5.046E-010   1.963E-005   1.000E+000
 8.70   1.567E-043   3.137E-035   5.852E-028   2.325E-021   3.332E-015   6.822E-010   2.328E-005   1.000E+000
 8.65   3.991E-043   7.052E-035   1.159E-027   4.061E-021   5.120E-015   9.201E-010   2.756E-005   1.000E+000
 8.60   1.016E-042   1.584E-034   2.297E-027   7.093E-021   7.865E-015   1.240E-009   3.255E-005   1.000E+000
 8.55   2.586E-042   3.557E-034   4.544E-027   1.237E-020   1.206E-014   1.668E-009   3.834E-005   1.000E+000
 8.50   6.570E-042   7.975E-034   8.983E-027   2.154E-020   1.847E-014   2.240E-009   4.506E-005   1.000E+000
 8.45   1.671E-041   1.789E-033   1.774E-026   3.750E-020   2.825E-014   3.004E-009   5.282E-005   9.999E-001
 8.40   4.245E-041   4.008E-033   3.504E-026   6.521E-020   4.318E-014   4.024E-009   6.180E-005   9.999E-001
 8.35   1.078E-040   8.980E-033   6.914E-026   1.133E-019   6.590E-014   5.382E-009   7.211E-005   9.999E-001
 8.30   2.744E-040   2.016E-032   1.366E-025   1.971E-019   1.006E-013   7.198E-009   8.405E-005   9.999E-001
 8.25   6.988E-040   4.525E-032   2.698E-025   3.425E-019   1.535E-013   9.608E-009   9.769E-005   9.999E-001
 8.20   1.780E-039   1.016E-031   5.329E-025   5.950E-019   2.342E-013   1.283E-008   1.134E-004   9.999E-001
 8.15   4.536E-039   2.282E-031   1.053E-024   1.034E-018   3.568E-013   1.711E-008   1.314E-004   9.999E-001
 8.10   1.162E-038   5.146E-031   2.088E-024   1.802E-018   5.453E-013   2.285E-008   1.521E-004   9.998E-001
 8.05   2.976E-038   1.161E-030   4.138E-024   3.137E-018   8.323E-013   3.049E-008   1.758E-004   9.998E-001
 8.00   7.655E-038   2.629E-030   8.227E-024   5.477E-018   1.273E-012   4.072E-008   2.031E-004   9.998E-001
 7.95   1.973E-037   5.963E-030   1.637E-023   9.570E-018   1.949E-012   5.446E-008   2.345E-004   9.998E-001
 7.90   5.106E-037   1.358E-029   3.271E-023   1.677E-017   2.990E-012   7.293E-008   2.707E-004   9.997E-001
 7.85   1.328E-036   3.105E-029   6.554E-023   2.947E-017   4.598E-012   9.779E-008   3.124E-004   9.997E-001
 7.80   3.462E-036   7.113E-029   1.316E-022   5.185E-017   7.078E-012   1.313E-007   3.603E-004   9.996E-001
 7.75   9.083E-036   1.639E-028   2.655E-022   9.164E-017   1.093E-011   1.768E-007   4.159E-004   9.996E-001
 7.70   2.396E-035   3.796E-028   5.377E-022   1.625E-016   1.695E-011   2.387E-007   4.804E-004   9.995E-001
 7.65   6.362E-035   8.841E-028   1.095E-021   2.896E-016   2.638E-011   3.237E-007   5.558E-004   9.994E-001
 7.60   1.700E-034   2.071E-027   2.241E-021   5.183E-016   4.120E-011   4.402E-007   6.438E-004   9.994E-001
 7.55   4.580E-034   4.887E-027   4.615E-021   9.327E-016   6.467E-011   6.018E-007   7.474E-004   9.993E-001
 7.50   1.244E-033   1.162E-026   9.568E-021   1.688E-015   1.021E-010   8.271E-007   8.697E-004   9.991E-001
 7.45   3.408E-033   2.785E-026   1.998E-020   3.077E-015   1.621E-010   1.143E-006   1.015E-003   9.990E-001
 7.40   9.427E-033   6.733E-026   4.206E-020   5.644E-015   2.589E-010   1.591E-006   1.189E-003   9.988E-001
 7.35   2.637E-032   1.645E-025   8.934E-020   1.044E-014   4.168E-010   2.232E-006   1.398E-003   9.986E-001
 7.30   7.453E-032   4.055E-025   1.913E-019   1.946E-014   6.757E-010   3.154E-006   1.652E-003   9.983E-001
 7.25   2.134E-031   1.012E-024   4.143E-019   3.664E-014   1.106E-009   4.500E-006   1.961E-003   9.980E-001
 7.20   6.186E-031   2.555E-024   9.063E-019   6.962E-014   1.825E-009   6.484E-006   2.344E-003   9.976E-001
 7.15   1.819E-030   6.536E-024   2.006E-018   1.337E-013   3.044E-009   9.448E-006   2.820E-003   9.972E-001
 7.10   5.430E-030   1.695E-023   4.498E-018   2.596E-013   5.126E-009   1.393E-005   3.417E-003   9.966E-001
 7.05   1.645E-029   4.458E-023   1.021E-017   5.099E-013   8.729E-009   2.080E-005   4.176E-003   9.958E-001
 7.00   5.070E-029   1.191E-022   2.349E-017   1.014E-012   1.504E-008   3.151E-005   5.151E-003   9.948E-001
 6.95   1.589E-028   3.230E-022   5.483E-017   2.044E-012   2.624E-008   4.845E-005   6.422E-003   9.935E-001
 6.90   5.081E-028   8.923E-022   1.301E-016   4.177E-012   4.637E-008   7.575E-005   8.097E-003   9.918E-001
 6.85   1.659E-027   2.514E-021   3.143E-016   8.678E-012   8.323E-008   1.207E-004   1.035E-002   9.895E-001
 6.80   5.535E-027   7.225E-021   7.732E-016   1.833E-011   1.517E-007   1.962E-004   1.341E-002   9.864E-001
 6.75   1.891E-026   2.123E-020   1.940E-015   3.939E-011   2.807E-007   3.257E-004   1.765E-002   9.820E-001
 6.70   6.626E-026   6.383E-020   4.975E-015   8.633E-011   5.287E-007   5.534E-004   2.362E-002   9.758E-001
 6.65   2.388E-025   1.971E-019   1.307E-014   1.932E-010   1.014E-006   9.647E-004   3.219E-002   9.668E-001
 6.60   8.866E-025   6.255E-019   3.521E-014   4.423E-010   1.985E-006   1.728E-003   4.473E-002   9.535E-001
 6.55   3.399E-024   2.046E-018   9.753E-014   1.038E-009   3.966E-006   3.188E-003   6.342E-002   9.334E-001
 6.50   1.345E-023   6.888E-018   2.773E-013   2.490E-009   8.062E-006   6.041E-003   9.133E-002   9.026E-001
 6.45   5.445E-023   2.369E-017   8.034E-013   6.068E-009   1.656E-005   1.169E-002   1.326E-001   8.557E-001
 6.40   2.250E-022   8.293E-017   2.361E-012   1.494E-008   3.413E-005   2.299E-002   1.926E-001   7.844E-001
 6.35   9.396E-022   2.926E-016   6.973E-012   3.680E-008   6.985E-005   4.542E-002   2.764E-001   6.782E-001
 6.30   3.849E-021   1.010E-015   2.009E-011   8.794E-008   1.375E-004   8.738E-002   3.782E-001   5.342E-001
 6.25   1.465E-020   3.233E-015   5.342E-011   1.929E-007   2.460E-004   1.547E-001   4.652E-001   3.799E-001
 6.20   5.084E-020   9.402E-015   1.286E-010   3.809E-007   3.918E-004   2.462E-001   5.018E-001   2.517E-001
 6.15   1.631E-019   2.522E-014   2.845E-010   6.875E-007   5.641E-004   3.566E-001   4.860E-001   1.569E-001
 6.10   4.948E-019   6.376E-014   5.913E-010   1.159E-006   7.495E-004   4.773E-001   4.308E-001   9.116E-002
 6.05   1.455E-018   1.558E-013   1.183E-009   1.868E-006   9.396E-004   5.970E-001   3.526E-001   4.943E-002
 6.00   4.231E-018   3.755E-013   2.325E-009   2.938E-006   1.134E-003   7.024E-001   2.709E-001   2.556E-002
 5.95   1.256E-017   9.209E-013   4.630E-009   4.647E-006   1.355E-003   7.869E-001   1.989E-001   1.288E-002
 5.90   3.912E-017   2.363E-012   9.607E-009   7.602E-006   1.651E-003   8.512E-001   1.408E-001   6.370E-003
 5.85   1.309E-016   6.494E-012   2.126E-008   1.316E-005   2.090E-003   8.983E-001   9.645E-002   3.098E-003
 5.80   4.744E-016   1.928E-011   5.054E-008   2.424E-005   2.771E-003   9.311E-001   6.462E-002   1.496E-003
 5.75   1.863E-015   6.184E-011   1.292E-007   4.758E-005   3.838E-003   9.524E-001   4.294E-002   7.279E-004
 5.70   7.947E-015   2.148E-010   3.557E-007   9.947E-005   5.541E-003   9.654E-001   2.855E-002   3.596E-004
 5.65   3.665E-014   8.051E-010   1.051E-006   2.206E-004   8.288E-003   9.723E-001   1.903E-002   1.799E-004
 5.60   1.830E-013   3.257E-009   3.331E-006   5.186E-004   1.281E-002   9.737E-001   1.284E-002   9.240E-005
 5.55   9.957E-013   1.432E-008   1.140E-005   1.298E-003   2.049E-002   9.691E-001   9.045E-003   5.124E-005
 5.50   5.856E-012   6.792E-008   4.175E-005   3.422E-003   3.361E-002   9.561E-001   6.833E-003   3.205E-005
 5.45   3.441E-011   3.210E-007   1.513E-004   8.783E-003   5.250E-002   9.330E-001   5.500E-003   2.233E-005
 5.40   1.903E-010   1.424E-006   5.102E-004   2.059E-002   7.321E-002   9.011E-001   4.618E-003   1.671E-005
 5.35   9.724E-010   5.826E-006   1.572E-003   4.321E-002   8.937E-002   8.619E-001   3.971E-003   1.302E-005
 5.30   4.474E-009   2.142E-005   4.309E-003   7.917E-002   9.498E-002   8.181E-001   3.458E-003   1.037E-005
 5.25   1.854E-008   7.071E-005   1.047E-002   1.255E-001   8.869E-002   7.723E-001   3.028E-003   8.347E-006
 5.20   7.023E-008   2.128E-004   2.287E-002   1.730E-001   7.468E-002   7.265E-001   2.657E-003   6.744E-006
 5.15   2.472E-007   5.934E-004   4.560E-002   2.101E-001   5.931E-002   6.820E-001   2.332E-003   5.455E-006
 5.10   8.109E-007   1.540E-003   8.340E-002   2.267E-001   4.693E-002   6.394E-001   2.046E-003   4.412E-006
 5.05   2.457E-006   3.676E-003   1.380E-001   2.193E-001   3.868E-002   5.986E-001   1.793E-003   3.565E-006
 5.00   6.836E-006   8.035E-003   2.041E-001   1.929E-001   3.393E-002   5.595E-001   1.568E-003   2.873E-006
 4.95   1.769E-005   1.625E-002   2.710E-001   1.583E-001   3.148E-002   5.217E-001   1.366E-003   2.304E-006
 4.90   4.331E-005   3.092E-002   3.276E-001   1.251E-001   3.035E-002   4.848E-001   1.184E-003   1.834E-006
 4.85   1.001E-004   5.519E-002   3.663E-001   9.880E-002   2.995E-002   4.486E-001   1.019E-003   1.444E-006
 4.80   2.149E-004   9.076E-002   3.842E-001   8.109E-002   3.001E-002   4.129E-001   8.687E-004   1.122E-006
 4.75   4.239E-004   1.360E-001   3.837E-001   7.128E-002   3.045E-002   3.775E-001   7.322E-004   8.562E-007
 4.70   7.788E-004   1.867E-001   3.707E-001   6.739E-002   3.121E-002   3.426E-001   6.095E-004   6.414E-007
 4.65   1.354E-003   2.375E-001   3.523E-001   6.729E-002   3.230E-002   3.088E-001   5.013E-004   4.721E-007
 4.60   2.258E-003   2.829E-001   3.348E-001   6.910E-002   3.370E-002   2.768E-001   4.090E-004   3.434E-007
 4.55   3.630E-003   3.192E-001   3.223E-001   7.144E-002   3.540E-002   2.477E-001   3.329E-004   2.492E-007
 4.50   5.493E-003   3.457E-001   3.159E-001   7.341E-002   3.737E-002   2.219E-001   2.718E-004   1.819E-007
 4.45   7.789E-003   3.647E-001   3.147E-001   7.456E-002   3.953E-002   1.985E-001   2.218E-004   1.327E-007
 4.40   1.051E-002   3.790E-001   3.176E-001   7.474E-002   4.171E-002   1.763E-001   1.788E-004   9.514E-008
 4.35   1.373E-002   3.910E-001   3.239E-001   7.378E-002   4.360E-002   1.538E-001   1.398E-004   6.516E-008
 4.30   1.769E-002   4.029E-001   3.334E-001   7.143E-002   4.456E-002   1.300E-001   1.033E-004   4.098E-008
 4.25   2.292E-002   4.164E-001   3.460E-001   6.717E-002   4.343E-002   1.040E-001   6.940E-005   2.230E-008
 4.20   3.035E-002   4.343E-001   3.608E-001   5.984E-002   3.874E-002   7.594E-002   3.976E-005   9.538E-009
 4.15   4.174E-002   4.599E-001   3.733E-001   4.774E-002   2.952E-002   4.781E-002   1.758E-005   2.759E-009
 4.10   6.028E-002   4.969E-001   3.711E-001   3.056E-002   1.735E-002   2.375E-002   5.155E-006   4.301E-010
 4.05   9.126E-002   5.446E-001   3.357E-001   1.336E-002   6.914E-003   8.240E-003   8.128E-007   2.643E-011
 4.00   1.419E-001   5.901E-001   2.613E-001   3.360E-003   1.628E-003   1.730E-003   5.451E-008   4.759E-013
 3.95   2.184E-001   6.091E-001   1.717E-001   4.301E-004   2.024E-004   1.927E-004   1.239E-009   1.733E-015
 3.90   3.209E-001   5.830E-001   9.612E-002   2.672E-005   1.249E-005   1.059E-005   1.096E-011   3.864E-018
 3.85   4.417E-001   5.122E-001   4.608E-002   7.506E-007   3.524E-007   2.583E-007   2.550E-014   5.816E-022
 3.80   5.691E-001   4.123E-001   1.866E-002   9.122E-009   4.347E-009   2.689E-009   2.359E-017  -1.000E-025
 3.75   6.906E-001   3.032E-001   6.187E-003   3.758E-011   1.785E-011   8.796E-012   2.615E-021  -4.849E-030
 3.70   7.955E-001   2.029E-001   1.612E-003   6.281E-014   3.093E-014   1.168E-014  -1.146E-025   1.474E-034
 3.65   8.762E-001   1.235E-001   3.198E-004   2.371E-017   1.058E-017   2.256E-018   5.560E-030   9.571E-039
 3.60   9.298E-001   7.019E-002   5.097E-005   3.145E-021   1.527E-021   8.971E-023  -9.712E-034   2.038E-043
 3.55   9.592E-001   4.080E-002   8.429E-006  -5.872E-025  -2.158E-025  -1.008E-026  -1.023E-037  -5.247E-049
 3.50   9.726E-001   2.738E-002   2.171E-006   3.336E-027   1.411E-027   5.681E-029   2.770E-041  -2.863E-052
 3.45   9.783E-001   2.167E-002   9.551E-007  -7.381E-029  -3.008E-029  -1.812E-030  -9.164E-043   5.139E-054
 3.40   9.810E-001   1.899E-002   5.922E-007  -6.615E-030  -3.067E-030  -7.695E-032   3.321E-044  -2.387E-055
 3.35   9.826E-001   1.742E-002   4.293E-007  -1.762E-030  -7.716E-031  -1.310E-032   1.111E-045   5.040E-057
 3.30   9.837E-001   1.631E-002   3.324E-007  -6.625E-031  -2.726E-031  -3.369E-033   1.025E-046   3.300E-059
 3.25   9.846E-001   1.543E-002   2.654E-007  -2.952E-031  -1.133E-031  -1.049E-033   1.386E-047   1.031E-060
 3.20   9.853E-001   1.467E-002   2.155E-007  -1.457E-031  -5.187E-032  -3.654E-034   2.327E-048   5.562E-062
 3.15   9.860E-001   1.401E-002   1.770E-007  -7.729E-032  -2.547E-032  -1.381E-034   4.572E-049   4.316E-063
 3.10   9.866E-001   1.341E-002   1.467E-007  -4.329E-032  -1.322E-032  -5.563E-035   1.016E-049   4.344E-064
 3.05   9.871E-001   1.285E-002   1.223E-007  -2.535E-032  -7.179E-033  -2.362E-035   2.494E-050   5.318E-065
 3.00   9.877E-001   1.233E-002   1.025E-007  -1.542E-032  -4.049E-033  -1.048E-035   6.638E-051   7.577E-066
 2.95   9.882E-001   1.183E-002   8.619E-008  -9.699E-033  -2.357E-033  -4.820E-036   1.888E-051   1.217E-066
 2.90   9.886E-001   1.135E-002   7.264E-008  -6.297E-033  -1.408E-033  -2.284E-036   5.667E-052   2.146E-067
 2.85   9.891E-001   1.088E-002   6.128E-008  -4.211E-033  -8.580E-034  -1.110E-036   1.777E-052   4.077E-068
 2.80   9.896E-001   1.043E-002   5.171E-008  -2.895E-033  -5.314E-034  -5.496E-037   5.762E-053   8.177E-069
 2.75   9.900E-001   9.973E-003   4.359E-008  -2.042E-033  -3.331E-034  -2.764E-037   1.915E-053   1.702E-069
 2.70   9.905E-001   9.524E-003   3.667E-008  -1.474E-033  -2.105E-034  -1.405E-037   6.479E-054   3.637E-070
 2.65   9.909E-001   9.076E-003   3.076E-008  -1.085E-033  -1.336E-034  -7.195E-038   2.216E-054   7.900E-071
 2.60   9.914E-001   8.627E-003   2.570E-008  -8.110E-034  -8.498E-035  -3.695E-038   7.611E-055   1.728E-071
 2.55   9.918E-001   8.177E-003   2.137E-008  -6.135E-034  -5.398E-035  -1.896E-038   2.608E-055   3.767E-072
 2.50   9.923E-001   7.724E-003   1.765E-008  -4.676E-034  -3.415E-035  -9.683E-039   8.849E-056   8.071E-073
 2.45   9.927E-001   7.267E-003   1.448E-008  -3.574E-034  -2.146E-035  -4.902E-039   2.948E-056   1.673E-073
 2.40   9.932E-001   6.806E-003   1.178E-008  -2.728E-034  -1.336E-035  -2.449E-039   9.569E-057   3.308E-074
 2.35   9.937E-001   6.340E-003   9.482E-009  -2.071E-034  -8.212E-036  -1.202E-039   3.000E-057   6.147E-075
 2.30   9.941E-001   5.869E-003   7.549E-009  -1.558E-034  -4.968E-036  -5.770E-040   9.007E-058   1.056E-075
 2.25   9.946E-001   5.396E-003   5.932E-009  -1.158E-034  -2.948E-036  -2.694E-040   2.565E-058   1.651E-076
 2.20   9.951E-001   4.920E-003   4.594E-009  -8.478E-035  -1.708E-036  -1.217E-040   6.865E-059   2.310E-077
 2.15   9.956E-001   4.444E-003   3.499E-009  -6.096E-035  -9.634E-037  -5.285E-041   1.711E-059   2.857E-078
 2.10   9.960E-001   3.971E-003   2.617E-009  -4.293E-035  -5.263E-037  -2.196E-041   3.941E-060   3.117E-079
 2.05   9.965E-001   3.506E-003   1.918E-009  -2.953E-035  -2.772E-037  -8.664E-042   8.280E-061   2.925E-080
 2.00   9.969E-001   3.054E-003   1.376E-009  -1.978E-035  -1.401E-037  -3.220E-042   1.549E-061   2.177E-081
 1.95   9.974E-001   2.619E-003   9.646E-010  -1.287E-035  -6.760E-038  -1.121E-042   2.555E-062   1.253E-082
 1.90   9.978E-001   2.209E-003   6.604E-010  -8.118E-036  -3.104E-038  -3.636E-043   3.702E-063   5.612E-084
 1.85   9.982E-001   1.830E-003   4.416E-010  -4.949E-036  -1.351E-038  -1.094E-043   4.658E-064   1.896E-085
 1.80   9.985E-001   1.489E-003   2.901E-010  -2.932E-036  -5.640E-039  -3.097E-044   4.805E-065   2.470E-088
 1.75   9.988E-001   1.187E-003   1.867E-010  -1.675E-036  -2.224E-039  -8.100E-045   4.269E-066  -5.268E-091
 1.70   9.991E-001   9.269E-004   1.181E-010  -9.210E-037  -8.249E-040  -1.939E-045   3.067E-067   6.150E-093
 1.65   9.993E-001   7.082E-004   7.362E-011  -4.871E-037  -2.875E-040  -4.232E-046   1.699E-068  -1.356E-094
 1.60   9.995E-001   5.292E-004   4.545E-011  -2.477E-037  -9.410E-041  -8.412E-047   6.996E-070   4.096E-096
 1.55   9.996E-001   3.863E-004   2.788E-011  -1.209E-037  -2.888E-041  -1.519E-047   2.005E-071  -1.507E-097
 1.50   9.997E-001   2.752E-004   1.705E-011  -5.658E-038  -8.283E-042  -2.478E-048   3.463E-073   6.385E-099
 1.45   9.998E-001   1.909E-004   1.042E-011  -2.529E-038  -2.210E-042  -3.619E-049   2.261E-075  -3.025E-100
 1.40   9.999E-001   1.286E-004   6.358E-012  -1.076E-038  -5.443E-043  -4.659E-050  -8.642E-078   1.572E-101
 1.35   9.999E-001   8.398E-005   3.874E-012  -4.327E-039  -1.225E-043  -5.181E-051   1.195E-079  -8.802E-103
 1.30   9.999E-001   5.294E-005   2.350E-012  -1.636E-039  -2.491E-044  -4.845E-052  -2.779E-081   5.218E-104
 1.25   1.000E+000   3.214E-005   1.414E-012  -5.775E-040  -4.514E-045  -3.686E-053   8.809E-083  -3.203E-105
 1.20   1.000E+000   1.877E-005   8.399E-013  -1.890E-040  -7.198E-046  -2.191E-054  -3.412E-084   1.991E-106
 1.15   1.000E+000   1.054E-005   4.899E-013  -5.707E-041  -9.976E-047  -9.656E-056   1.514E-085  -1.231E-107
 1.10   1.000E+000   5.712E-006   2.792E-013  -1.581E-041  -1.186E-047  -2.896E-057  -7.429E-087   7.553E-109
 1.05   1.000E+000   2.996E-006   1.546E-013  -3.994E-042  -1.188E-048  -4.879E-059   3.976E-088  -4.628E-110
 1.00   1.000E+000   1.530E-006   8.262E-014  -9.127E-043  -9.750E-050  -2.059E-061  -2.305E-089   2.857E-111
 0.95   1.000E+000   7.567E-007   4.192E-014  -1.772E-043  -5.453E-051   2.293E-063   1.185E-090  -1.211E-112
