 9.00   0.000E+000  -6.905E-017   1.014E-016  -7.888E-017   0.000E+000   1.953E-018   5.130E-017   2.700E-017   0.000E+000  -2.072E-017  -5.467E-017   2.765E-017   5.492E-014   4.637E-010   1.798E-006   2.135E-003   9.979E-001
 8.95   7.230E-072   1.064E-063  -4.445E-060  -8.349E-057   5.277E-054   7.027E-048   7.601E-042   1.729E-036   1.935E-031   1.008E-026   3.177E-022   6.502E-018   9.888E-014   7.317E-010   2.491E-006   2.499E-003   9.975E-001
 8.90   1.339E-081   1.894E-073   4.308E-066   1.803E-059   3.539E-053   3.122E-047   2.970E-041   5.940E-036   5.839E-031   2.669E-026   7.388E-022   1.327E-017   1.773E-013   1.151E-009   3.440E-006   2.919E-003   9.971E-001
 8.85   1.013E-080   1.367E-072   2.768E-065   1.028E-058   1.783E-052   1.389E-046   1.162E-040   2.041E-035   1.762E-030   7.071E-026   1.719E-021   2.710E-017   3.179E-013   1.809E-009   4.745E-006   3.406E-003   9.966E-001
 8.80   7.710E-080   9.893E-072   1.780E-064   5.857E-058   8.974E-052   6.171E-046   4.542E-040   7.017E-035   5.317E-030   1.873E-025   3.995E-021   5.526E-017   5.690E-013   2.837E-009   6.529E-006   3.970E-003   9.960E-001
 8.75   5.893E-079   7.183E-071   1.148E-063   3.344E-057   4.527E-051   2.747E-045   1.777E-039   2.413E-034   1.605E-029   4.958E-025   9.278E-021   1.126E-016   1.017E-012   4.437E-009   8.955E-006   4.616E-003   9.954E-001
 8.70   4.515E-078   5.216E-070   7.403E-063   1.910E-056   2.284E-050   1.224E-044   6.962E-039   8.298E-034   4.846E-029   1.313E-024   2.155E-020   2.291E-016   1.815E-012   6.932E-009   1.226E-005   5.362E-003   9.946E-001
 8.65   3.486E-077   3.810E-069   4.795E-062   1.095E-055   1.157E-049   5.471E-044   2.736E-038   2.865E-033   1.467E-028   3.486E-024   5.010E-020   4.665E-016   3.240E-012   1.082E-008   1.676E-005   6.225E-003   9.938E-001
 8.60   2.714E-076   2.800E-068   3.122E-061   6.305E-055   5.885E-049   2.455E-043   1.079E-037   9.919E-033   4.452E-028   9.266E-024   1.166E-019   9.504E-016   5.781E-012   1.687E-008   2.287E-005   7.216E-003   9.928E-001
 8.55   2.127E-075   2.067E-067   2.042E-060   3.646E-054   3.005E-048   1.106E-042   4.271E-037   3.445E-032   1.355E-027   2.469E-023   2.718E-019   1.937E-015   1.031E-011   2.628E-008   3.117E-005   8.362E-003   9.916E-001
 8.50   1.687E-074   1.540E-066   1.347E-059   2.125E-053   1.547E-047   5.018E-042   1.702E-036   1.204E-031   4.146E-027   6.609E-023   6.362E-019   3.960E-015   1.843E-011   4.098E-008   4.250E-005   9.685E-003   9.903E-001
 8.45   1.349E-073   1.154E-065   8.932E-059   1.245E-052   8.001E-047   2.289E-041   6.814E-036   4.225E-031   1.273E-026   1.774E-022   1.492E-018   8.105E-015   3.298E-011   6.397E-008   5.798E-005   1.122E-002   9.887E-001
 8.40   1.093E-072   8.740E-065   5.978E-058   7.356E-052   4.173E-046   1.053E-040   2.750E-035   1.493E-030   3.933E-026   4.787E-022   3.513E-018   1.664E-014   5.913E-011   9.995E-008   7.913E-005   1.300E-002   9.869E-001
 8.35   8.962E-072   6.683E-064   4.036E-057   4.383E-051   2.195E-045   4.878E-040   1.117E-034   5.315E-030   1.223E-025   1.299E-021   8.311E-018   3.430E-014   1.063E-010   1.566E-007   1.082E-004   1.508E-002   9.848E-001
 8.30   7.467E-071   5.176E-063   2.761E-056   2.644E-050   1.168E-044   2.287E-039   4.591E-034   1.910E-029   3.837E-025   3.553E-021   1.979E-017   7.107E-014   1.921E-010   2.461E-007   1.484E-004   1.750E-002   9.824E-001
 8.25   6.308E-070   4.052E-062   1.906E-055   1.610E-049   6.272E-044   1.081E-038   1.901E-033   6.912E-029   1.211E-024   9.767E-021   4.735E-017   1.478E-013   3.480E-010   3.879E-007   2.039E-004   2.034E-002   9.795E-001
 8.20   5.412E-069   3.216E-061   1.334E-054   9.929E-049   3.411E-043   5.176E-038   7.966E-033   2.529E-028   3.861E-024   2.709E-020   1.141E-016   3.092E-013   6.338E-010   6.141E-007   2.814E-004   2.368E-002   9.760E-001
 8.15   4.724E-068   2.586E-060   9.454E-054   6.198E-048   1.877E-042   2.506E-037   3.374E-032   9.344E-028   1.242E-023   7.577E-020   2.771E-016   6.512E-013   1.161E-009   9.770E-007   3.900E-004   2.763E-002   9.720E-001
 8.10   4.210E-067   2.118E-059   6.817E-053   3.936E-047   1.050E-041   1.233E-036   1.450E-031   3.500E-027   4.042E-023   2.141E-019   6.790E-016   1.382E-012   2.139E-009   1.563E-006   5.434E-004   3.232E-002   9.671E-001
 8.05   3.822E-066   1.763E-058   4.995E-052   2.537E-046   5.962E-041   6.150E-036   6.315E-031   1.327E-026   1.331E-022   6.116E-019   1.679E-015   2.955E-012   3.970E-009   2.516E-006   7.616E-004   3.791E-002   9.613E-001
 8.00   3.546E-065   1.494E-057   3.723E-051   1.663E-045   3.442E-040   3.118E-035   2.793E-030   5.106E-026   4.444E-022   1.768E-018   4.199E-015   6.379E-012   7.430E-009   4.079E-006   1.075E-003   4.462E-002   9.543E-001
 7.95   3.359E-064   1.290E-056   2.825E-050   1.109E-044   2.020E-039   1.606E-034   1.254E-029   1.992E-025   1.502E-021   5.174E-018   1.061E-014   1.389E-011   1.401E-008   6.665E-006   1.529E-003   5.271E-002   9.458E-001
 7.90   3.271E-063   1.140E-055   2.193E-049   7.558E-044   1.211E-038   8.447E-034   5.742E-029   7.915E-025   5.165E-021   1.535E-017   2.714E-014   3.058E-011   2.667E-008   1.098E-005   2.192E-003   6.249E-002   9.353E-001
 7.85   3.252E-062   1.026E-054   1.733E-048   5.245E-043   7.390E-038   4.519E-033   2.671E-028   3.193E-024   1.801E-020   4.615E-017   7.024E-014   6.800E-011   5.121E-008   1.823E-005   3.172E-003   7.441E-002   9.224E-001
 7.80   3.320E-061   9.464E-054   1.402E-047   3.723E-042   4.610E-037   2.470E-032   1.268E-027   1.312E-023   6.385E-020   1.410E-016   1.843E-013   1.530E-010   9.937E-008   3.057E-005   4.634E-003   8.897E-002   9.064E-001
 7.75   3.482E-060   8.930E-053   1.160E-046   2.702E-041   2.938E-036   1.378E-031   6.139E-027   5.487E-023   2.301E-019   4.369E-016   4.901E-013   3.480E-010   1.947E-007   5.173E-005   6.838E-003   1.068E-001   8.863E-001
 7.70   3.752E-059   8.644E-052   9.837E-046   2.007E-040   1.916E-035   7.855E-031   3.034E-026   2.341E-022   8.443E-019   1.375E-015   1.320E-012   8.007E-010   3.852E-007   8.829E-005   1.019E-002   1.286E-001   8.611E-001
 7.65   4.150E-058   8.560E-051   8.530E-045   1.524E-039   1.276E-034   4.573E-030   1.529E-025   1.016E-021   3.147E-018   4.393E-015   3.603E-012   1.861E-009   7.686E-007   1.519E-004   1.533E-002   1.552E-001   8.293E-001
 7.60   4.721E-057   8.692E-050   7.578E-044   1.185E-038   8.697E-034   2.720E-029   7.862E-025   4.496E-021   1.193E-017   1.424E-014   9.952E-012   4.369E-009   1.546E-006   2.632E-004   2.326E-002   1.874E-001   7.891E-001
 7.55   5.511E-056   9.035E-049   6.886E-043   9.419E-038   6.055E-033   1.651E-028   4.120E-024   2.024E-020   4.594E-017   4.676E-014   2.779E-011   1.034E-008   3.128E-006   4.581E-004   3.551E-002   2.256E-001   7.384E-001
 7.50   6.589E-055   9.594E-048   6.389E-042   7.637E-037   4.296E-032   1.020E-027   2.195E-023   9.240E-020   1.790E-016   1.550E-013   7.815E-011   2.457E-008   6.338E-006   7.977E-004   5.438E-002   2.696E-001   6.752E-001
 7.45   8.022E-054   1.035E-046   6.017E-041   6.279E-036   3.088E-031   6.380E-027   1.183E-022   4.256E-019   7.022E-016   5.167E-013   2.203E-010   5.834E-008   1.279E-005   1.381E-003   8.305E-002   3.176E-001   5.980E-001
 7.40   9.903E-053   1.129E-045   5.726E-040   5.213E-035   2.240E-030   4.021E-026   6.410E-022   1.968E-018   2.758E-015   1.718E-012   6.173E-010   1.373E-007   2.550E-005   2.359E-003   1.254E-001   3.651E-001   5.071E-001
 7.35   1.228E-051   1.234E-044   5.457E-039   4.330E-034   1.623E-029   2.529E-025   3.463E-021   9.048E-018   1.075E-014   5.650E-012   1.706E-009   3.173E-007   4.977E-005   3.932E-003   1.854E-001   4.049E-001   4.057E-001
 7.30   1.516E-050   1.340E-043   5.161E-038   3.566E-033   1.165E-028   1.573E-024   1.847E-020   4.094E-017   4.107E-014   1.818E-011   4.597E-009   7.123E-007   9.394E-005   6.321E-003   2.652E-001   4.272E-001   3.012E-001
 7.25   1.849E-049   1.434E-042   4.810E-037   2.891E-032   8.224E-028   9.608E-024   9.662E-020   1.812E-016   1.531E-013   5.682E-011   1.199E-008   1.541E-006   1.700E-004   9.709E-003   3.636E-001   4.226E-001   2.039E-001
 7.20   2.220E-048   1.507E-041   4.397E-036   2.296E-031   5.681E-027   5.736E-023   4.932E-019   7.798E-016   5.530E-013   1.715E-010   3.006E-008   3.190E-006   2.929E-004   1.412E-002   4.732E-001   3.879E-001   1.245E-001
 7.15   2.622E-047   1.555E-040   3.942E-035   1.786E-030   3.839E-026   3.345E-022   2.456E-018   3.264E-015   1.936E-012   4.995E-010   7.240E-008   6.312E-006   4.791E-004   1.939E-002   5.829E-001   3.290E-001   6.820E-002
 7.10   3.069E-046   1.587E-039   3.493E-034   1.372E-029   2.556E-025   1.919E-021   1.201E-017   1.337E-014   6.605E-012   1.413E-009   1.686E-007   1.202E-005   7.491E-004   2.526E-002   6.821E-001   2.586E-001   3.337E-002
 7.05   3.619E-045   1.628E-038   3.108E-033   1.057E-028   1.705E-024   1.101E-020   5.865E-017   5.445E-014   2.232E-011   3.943E-009   3.852E-007   2.231E-005   1.133E-003   3.161E-002   7.657E-001   1.872E-001   1.426E-002
 7.00   4.368E-044   1.707E-037   2.822E-032   8.296E-028   1.157E-023   6.416E-020   2.906E-016   2.240E-013   7.591E-011   1.101E-008   8.760E-007   4.099E-005   1.682E-003   3.836E-002   8.307E-001   1.240E-001   5.214E-003
 6.95   5.460E-043   1.848E-036   2.646E-031   6.716E-027   8.093E-023   3.844E-019   1.478E-015   9.419E-013   2.625E-010   3.110E-008   2.004E-006   7.524E-005   2.469E-003   4.556E-002   8.758E-001   7.443E-002   1.617E-003
 6.90   7.181E-042   2.102E-035   2.604E-030   5.695E-026   5.912E-022   2.402E-018   7.826E-015   4.105E-012   9.357E-010   9.011E-008   4.674E-006   1.398E-004   3.630E-003   5.347E-002   9.014E-001   4.097E-002   4.383E-004
 6.85   1.010E-040   2.553E-034   2.732E-029   5.143E-025   4.594E-021   1.593E-017   4.393E-014   1.886E-011   3.499E-009   2.723E-007   1.129E-005   2.667E-004   5.410E-003   6.268E-002   9.105E-001   2.105E-002   1.075E-004
 6.80   1.550E-039   3.374E-033   3.116E-028   5.040E-024   3.864E-020   1.140E-016   2.659E-013   9.295E-011   1.395E-008   8.711E-007   2.864E-005   5.296E-004   8.284E-003   7.425E-002   9.066E-001   1.028E-002   2.471E-005
 6.75   2.617E-038   4.900E-032   3.901E-027   5.411E-023   3.553E-019   8.900E-016   1.753E-012   4.959E-010   5.988E-008   2.979E-006   7.703E-005   1.104E-003   1.312E-002   8.944E-002   8.914E-001   4.863E-003   5.396E-006
 6.70   4.926E-037   7.914E-031   5.425E-026   6.446E-022   3.619E-018   7.674E-015   1.275E-011   2.903E-009   2.800E-007   1.101E-005   2.217E-004   2.435E-003   2.165E-002   1.101E-001   8.635E-001   2.162E-003   1.023E-006
 6.65   1.036E-035   1.425E-029   8.399E-025   8.532E-021   4.084E-017   7.306E-014   1.023E-010   1.862E-008   1.424E-006   4.388E-005   6.813E-004   5.664E-003   3.702E-002   1.376E-001   8.182E-001   8.480E-004   1.491E-007
 6.60   2.423E-034   2.850E-028   1.442E-023   1.249E-019   5.085E-016   7.646E-013   9.024E-010   1.304E-007   7.839E-006   1.873E-004   2.218E-003   1.377E-002   6.495E-002   1.725E-001   7.461E-001   2.726E-004   1.456E-008
 6.55   6.179E-033   6.202E-027   2.691E-022   1.982E-018   6.833E-015   8.601E-012   8.547E-009   9.723E-007   4.555E-005   8.353E-004   7.447E-003   3.403E-002   1.134E-001   2.099E-001   6.343E-001   6.555E-005   8.159E-010
 6.50   1.628E-031   1.392E-025   5.173E-021   3.230E-017   9.413E-014   9.870E-011   8.258E-008   7.344E-006   2.654E-004   3.688E-003   2.442E-002   8.069E-002   1.853E-001   2.330E-001   4.726E-001   1.048E-005   2.196E-011
 6.45   4.052E-030   2.944E-024   9.356E-020   4.944E-016   1.213E-012   1.055E-009   7.424E-007   5.116E-005   1.410E-003   1.465E-002   7.092E-002   1.660E-001   2.561E-001   2.125E-001   2.783E-001   9.471E-007   2.271E-013
 6.40   8.589E-029   5.293E-023   1.434E-018   6.400E-015   1.317E-011   9.431E-009   5.589E-006   2.955E-004   6.134E-003   4.692E-002   1.628E-001   2.638E-001   2.655E-001   1.407E-001   1.138E-001   4.035E-008   7.401E-016
 6.35   1.458E-027   7.611E-022   1.754E-017   6.584E-014   1.132E-010   6.637E-008   3.312E-005   1.330E-003   2.052E-002   1.134E-001   2.765E-001   3.030E-001   1.927E-001   6.270E-002   2.981E-002   7.581E-010   7.266E-019
 6.30   2.030E-026   8.944E-021   1.748E-016   5.504E-013   7.874E-010   3.752E-007   1.578E-004   4.762E-003   5.375E-002   2.107E-001   3.534E-001   2.549E-001   9.865E-002   1.879E-002   5.020E-003   6.670E-012   2.450E-022
 6.25   2.438E-025   9.053E-020   1.499E-015   3.945E-012   4.672E-009   1.796E-006   6.380E-004   1.426E-002   1.156E-001   3.139E-001   3.532E-001   1.618E-001   3.627E-002   3.824E-003   5.771E-004   3.427E-014   4.124E-026
 6.20   2.616E-024   8.169E-019   1.143E-014   2.504E-011   2.443E-008   7.502E-006   2.254E-003   3.674E-002   2.092E-001   3.838E-001   2.801E-001   7.779E-002   9.530E-003   5.252E-004   5.311E-005   2.258E-016   3.600E-029
 6.15   2.523E-023   6.610E-018   7.792E-014   1.416E-010   1.132E-007   2.752E-005   7.009E-003   8.189E-002   3.210E-001   3.855E-001   1.749E-001   2.786E-002   1.755E-003   4.774E-005   4.258E-006   2.169E-018   5.174E-032
 6.10   2.187E-022   4.796E-017   4.752E-013   7.132E-010   4.653E-007   8.862E-005   1.920E-002   1.581E-001   4.159E-001   3.148E-001   8.438E-002   7.286E-003   2.236E-004   2.848E-006   2.905E-007   2.603E-020   1.168E-034
 6.05   1.721E-021   3.153E-016   2.619E-012   3.229E-009   1.708E-006   2.519E-004   4.659E-002   2.647E-001   4.518E-001   2.046E-001   3.062E-002   1.353E-003   1.917E-005   1.091E-007   1.745E-008   3.322E-022   2.979E-037
 6.00   1.231E-020   1.880E-015   1.306E-011   1.317E-008   5.615E-006   6.332E-004   1.002E-001   3.822E-001   4.051E-001   1.036E-001   8.186E-003   1.752E-004   1.088E-006   2.705E-009   1.047E-009   4.719E-024   8.992E-040
 5.95   8.012E-020   1.018E-014   5.903E-011   4.844E-008   1.653E-005   1.406E-003   1.910E-001   4.714E-001   2.944E-001   4.005E-002   1.584E-003   1.558E-005   3.982E-008   5.231E-011   6.759E-011   7.878E-026   3.520E-042
 5.90   4.738E-019   5.004E-014   2.416E-010   1.605E-007   4.353E-005   2.751E-003   3.222E-001   4.915E-001   1.715E-001   1.173E-002   2.204E-004   9.335E-007   8.969E-010   1.590E-012   4.574E-012   1.458E-027   1.633E-044
 5.85   2.558E-018   2.242E-013   8.991E-010   4.807E-007   1.029E-004   4.753E-003   4.812E-001   4.315E-001   7.982E-002   2.592E-003   2.163E-005   3.569E-008   1.135E-011   9.044E-014   3.088E-013   2.750E-029   7.704E-047
 5.80   1.273E-017   9.253E-013   3.073E-009   1.315E-006   2.204E-004   7.316E-003   6.404E-001   3.217E-001   2.995E-002   4.352E-004   1.466E-006   8.298E-010   7.849E-014   5.859E-015   2.069E-014   5.289E-031   3.876E-049
 5.75   5.964E-017   3.594E-012   9.854E-009   3.352E-006   4.362E-004   1.023E-002   7.718E-001   2.082E-001   9.302E-003   5.581E-005   6.696E-008   1.110E-011   5.197E-016   3.935E-016   1.425E-015   1.087E-032   2.171E-051
 5.70   2.725E-016   1.361E-011   3.071E-008   8.248E-006   8.249E-004   1.340E-002   8.632E-001   1.202E-001   2.406E-003   5.323E-006   1.942E-009   7.819E-014   2.103E-017   2.775E-017   1.029E-016   2.453E-034   1.402E-053
 5.65   1.259E-015   5.210E-011   9.635E-008   2.030E-005   1.544E-003   1.703E-002   9.178E-001   6.307E-002   5.141E-004   3.635E-007   3.328E-011   2.583E-016   1.553E-018   2.037E-018   7.705E-018   5.959E-036   1.008E-055
 5.60   6.085E-015   2.087E-010   3.150E-007   5.166E-005   2.955E-003   2.165E-002   9.451E-001   3.016E-002   8.948E-005   1.718E-008   3.234E-013   5.943E-019   1.280E-019   1.640E-019   6.300E-019   1.681E-037   9.033E-058
 5.55   3.175E-014   9.020E-010   1.108E-006   1.401E-004   5.950E-003   2.829E-002   9.521E-001   1.355E-002   1.335E-005   5.864E-010   1.961E-015   2.407E-020   1.406E-020   1.756E-020   6.811E-020   7.200E-039   1.436E-059
 5.50   1.826E-013   4.298E-009   4.272E-006   4.134E-004   1.284E-002   3.877E-002   9.417E-001   6.238E-003   2.022E-006   1.745E-011   1.315E-017   4.266E-021   2.433E-021   2.954E-021   1.150E-020   5.890E-040   5.415E-061
 5.45   1.096E-012   2.139E-008   1.711E-005   1.255E-003   2.804E-002   5.297E-002   9.145E-001   3.180E-003   3.716E-007   5.757E-013   1.960E-019   1.159E-021   6.360E-022   7.492E-022   2.909E-021   8.602E-041   4.403E-062
 5.40   6.221E-012   1.007E-007   6.441E-005   3.536E-003   5.582E-002   6.505E-002   8.737E-001   1.846E-003   8.950E-008   2.487E-014   7.505E-021   4.151E-022   2.189E-022   2.498E-022   9.608E-022   1.841E-041   5.936E-063
 5.35   3.235E-011   4.343E-007   2.206E-004   8.963E-003   9.789E-002   6.860E-002   8.231E-001   1.202E-003   2.773E-008   1.437E-015   7.754E-022   1.745E-022   8.833E-023   9.763E-023   3.694E-022   4.901E-042   1.069E-063
 5.30   1.524E-010   1.699E-006   6.808E-004   2.019E-002   1.492E-001   6.123E-002   7.678E-001   8.521E-004   1.038E-008   1.065E-016   2.031E-022   8.020E-023   3.884E-023   4.159E-023   1.537E-022   1.465E-042   2.250E-064
 5.25   6.572E-010   6.088E-006   1.907E-003   4.060E-002   1.979E-001   4.701E-002   7.120E-001   6.391E-004   4.433E-009   9.639E-018   8.362E-023   3.860E-023   1.780E-023   1.850E-023   6.633E-023   4.631E-043   5.111E-065
 5.20   2.633E-009   2.027E-005   4.920E-003   7.399E-002   2.300E-001   3.252E-002   6.581E-001   4.975E-004   2.069E-009   9.930E-019   3.928E-023   1.900E-023   8.291E-024   8.385E-024   2.897E-023   1.497E-043   1.201E-065
 5.15   9.937E-009   6.369E-005   1.183E-002   1.234E-001   2.352E-001   2.186E-002   6.072E-001   3.970E-004   1.027E-009   1.146E-019   1.911E-023   9.443E-024   3.871E-024   3.829E-024   1.267E-023   4.869E-044   2.857E-066
 5.10   3.512E-008   1.880E-004   2.643E-002   1.874E-001   2.107E-001   1.561E-002   5.594E-001   3.221E-004   5.305E-010   1.433E-020   9.387E-024   4.709E-024   1.801E-024   1.752E-024   5.521E-024   1.585E-044   6.836E-067
 5.05   1.152E-007   5.177E-004   5.424E-002   2.546E-001   1.632E-001   1.255E-002   5.147E-001   2.640E-004   2.794E-010   1.883E-021   4.607E-024   2.342E-024   8.303E-025   7.997E-025   2.390E-024   5.135E-045   1.633E-067
 5.00   3.459E-007   1.312E-003   1.010E-001   3.043E-001   1.094E-001   1.134E-002   4.725E-001   2.176E-004   1.470E-010   2.515E-022   2.238E-024   1.152E-024   3.769E-025   3.610E-025   1.021E-024   1.643E-045   3.855E-068
 4.95   9.463E-007   3.049E-003   1.697E-001   3.182E-001   6.523E-002   1.103E-002   4.325E-001   1.795E-004   7.570E-011   3.334E-023   1.064E-024   5.539E-025   1.669E-025   1.594E-025   4.264E-025   5.123E-046   8.850E-069
 4.90   2.366E-006   6.514E-003   2.572E-001   2.936E-001   3.710E-002   1.113E-002   3.943E-001   1.477E-004   3.740E-011   4.461E-024   4.888E-025   2.570E-025   7.144E-026   6.790E-026   1.723E-025   1.536E-046   1.940E-069
 4.85   5.454E-006   1.291E-002   3.524E-001   2.431E-001   2.248E-002   1.147E-002   3.575E-001   1.208E-004   1.739E-011   6.867E-025   2.137E-025   1.136E-025   2.922E-026   2.749E-026   6.654E-026   4.353E-047   3.983E-070
 4.80   1.172E-005   2.397E-002   4.398E-001   1.858E-001   1.634E-002   1.202E-002   3.219E-001   9.788E-005   7.463E-012   1.506E-025   8.763E-026   4.725E-026   1.128E-026   1.041E-026   2.423E-026   1.147E-047   7.495E-071
 4.75   2.370E-005   4.222E-002   5.072E-001   1.357E-001   1.450E-002   1.280E-002   2.875E-001   7.827E-005   2.902E-012   4.544E-026   3.328E-026   1.827E-026   4.064E-027   3.637E-027   8.219E-027   2.765E-048   1.267E-071
 4.70   4.534E-005   7.085E-002   5.481E-001   9.834E-002   1.442E-002   1.384E-002   2.543E-001   6.163E-005   1.007E-012   1.502E-026   1.163E-026   6.537E-027   1.355E-027   1.162E-027   2.576E-027   6.032E-049   1.898E-072
 4.65   7.953E-005   1.102E-001   5.621E-001   7.456E-002   1.492E-002   1.517E-002   2.230E-001   4.779E-005   3.111E-013   4.833E-027   3.766E-027   2.177E-027   4.195E-028   3.418E-028   7.495E-028   1.199E-049   2.546E-073
 4.60   1.255E-004   1.557E-001   5.557E-001   6.193E-002   1.550E-002   1.684E-002   1.942E-001   3.663E-005   8.690E-014   1.501E-027   1.160E-027   6.916E-028   1.234E-028   9.495E-029   2.074E-028   2.246E-050   3.190E-074
 4.55   1.804E-004   2.012E-001   5.384E-001   5.671E-002   1.587E-002   1.887E-002   1.687E-001   2.795E-005   2.274E-014   4.650E-028   3.534E-028   2.177E-028   3.579E-029   2.598E-029   5.672E-029   4.158E-051   3.956E-075
 4.50   2.417E-004   2.411E-001   5.193E-001   5.552E-002   1.593E-002   2.122E-002   1.467E-001   2.136E-005   5.762E-015   1.484E-028   1.101E-028   6.999E-029   1.055E-029   7.248E-030   1.584E-029   7.943E-052   5.127E-076
 4.45   3.145E-004   2.739E-001   5.028E-001   5.611E-002   1.561E-002   2.382E-002   1.274E-001   1.627E-005   1.380E-015   4.797E-029   3.440E-029   2.246E-029   3.078E-030   2.019E-030   4.411E-030   1.518E-052   6.682E-077
 4.40   4.196E-004   3.016E-001   4.897E-001   5.727E-002   1.495E-002   2.650E-002   1.096E-001   1.215E-005   2.874E-016   1.474E-029   1.008E-029   6.707E-030   8.273E-031   5.235E-031   1.141E-030   2.653E-053   7.859E-078
 4.35   6.108E-004   3.268E-001   4.791E-001   5.835E-002   1.399E-002   2.897E-002   9.216E-002   8.671E-006   4.500E-017   3.895E-030   2.479E-030   1.664E-030   1.828E-031   1.128E-031   2.445E-031   3.635E-054   6.823E-079
 4.30   1.005E-003   3.526E-001   4.697E-001   5.887E-002   1.281E-002   3.065E-002   7.438E-002   5.703E-006   4.105E-018   7.467E-031   4.282E-031   2.862E-031   2.769E-032   1.689E-032   3.624E-032   3.050E-055   3.157E-080
 4.25   1.849E-003   3.819E-001   4.601E-001   5.818E-002   1.141E-002   3.057E-002   5.598E-002   3.263E-006   1.758E-019   8.350E-032   4.168E-032   2.750E-032   2.383E-033   1.451E-033   3.072E-033   1.312E-056   7.109E-082
 4.20   3.670E-003   4.184E-001   4.483E-001   5.514E-002   9.540E-003   2.749E-002   3.751E-002   1.481E-006   1.867E-021   3.586E-033   1.478E-033   9.657E-034   7.689E-035   4.703E-035   9.762E-035   1.614E-058   3.491E-084
 4.15   7.533E-003   4.660E-001   4.304E-001   4.763E-002   6.928E-003   2.071E-002   2.078E-002   4.600E-007   3.621E-024   3.522E-035   1.160E-035   7.611E-036   5.876E-037   3.624E-037   7.329E-037   4.133E-061   3.826E-087
 4.10   1.543E-002   5.286E-001   3.982E-001   3.377E-002   3.843E-003   1.165E-002   8.503E-003   7.789E-008   9.974E-028   6.642E-038   1.651E-038   1.109E-038   8.713E-040   5.413E-040   1.058E-039   1.958E-064   4.595E-091
 4.05   3.068E-002   6.051E-001   3.398E-001   1.664E-002   1.377E-003   4.187E-003   2.194E-003   5.241E-009   5.499E-032   3.601E-042   8.803E-043   5.866E-043   4.709E-044   3.015E-044   5.641E-044   1.018E-068   2.440E-095
 4.00   5.771E-002   6.833E-001   2.530E-001   4.671E-003   2.653E-004   8.028E-004   2.975E-004   1.022E-010   1.468E-036  -3.248E-046  -2.590E-047  -1.939E-047  -1.625E-048  -1.032E-048  -1.825E-048   2.255E-073   5.881E-100
 3.95   1.005E-001   7.395E-001   1.592E-001   6.332E-004   2.351E-005   7.028E-005   1.782E-005   3.937E-013  -5.499E-042  -1.810E-051  -2.389E-053  -1.763E-053  -6.609E-055  -6.445E-055  -1.178E-054  -1.426E-078  -1.628E-105
 3.90   1.605E-001   7.547E-001   8.480E-002   3.842E-005   8.999E-007   2.643E-006   4.491E-007   8.799E-016   1.135E-047  -6.186E-056  -5.046E-058  -3.911E-058  -3.672E-059  -2.267E-059  -3.338E-059  -8.527E-084   4.496E-111
 3.85   2.359E-001   7.257E-001   3.834E-002   9.911E-007   1.368E-008   3.914E-008   4.002E-009   1.187E-019  -4.315E-053  -7.981E-061   6.144E-064   4.717E-064   5.712E-065   3.924E-065   5.244E-065   5.022E-089  -1.547E-116
 3.80   3.237E-001   6.618E-001   1.448E-002   1.101E-008   8.632E-011   2.403E-010   1.394E-011  -2.202E-023   1.433E-058  -1.557E-065  -6.572E-070  -8.107E-070  -2.289E-070  -1.573E-070  -1.822E-070  -2.721E-094   4.592E-122
 3.75   4.202E-001   5.754E-001   4.422E-003   4.273E-011   1.588E-013   4.288E-013   9.851E-015  -1.060E-027   1.778E-065   4.360E-071  -1.434E-075  -1.513E-075  -2.645E-076  -1.735E-076  -1.643E-076  -1.014E-100   4.059E-129
 3.70   5.211E-001   4.779E-001   1.044E-003   7.438E-014   1.451E-016   3.820E-016   3.037E-018   2.436E-032   1.053E-072  -7.823E-077   1.369E-081   1.234E-081   1.366E-082   8.818E-083   6.547E-083  -2.597E-108   2.309E-136
 3.65   6.206E-001   3.792E-001   1.849E-004   3.186E-017   1.534E-020   3.928E-020  -2.978E-022   1.556E-036   1.062E-079   6.824E-082  -7.599E-089  -6.024E-089   1.678E-090   3.031E-090   2.430E-090  -4.268E-115   1.295E-143
 3.60   7.092E-001   2.907E-001   2.616E-005   9.303E-021   2.254E-025   6.309E-025   7.145E-026   4.243E-041   1.555E-087  -9.058E-088  -1.515E-095  -1.781E-095  -3.462E-096  -2.250E-096  -8.879E-097   4.562E-123   4.678E-151
 3.55   7.758E-001   2.242E-001   3.897E-006  -4.027E-024  -8.610E-029  -2.031E-028   1.173E-029  -2.205E-046   4.030E-094   6.133E-094  -1.909E-102  -1.994E-102  -2.789E-103  -1.899E-103  -5.370E-104   5.253E-131   2.427E-160
 3.50   8.157E-001   1.843E-001   9.421E-007   2.772E-026   4.764E-031   1.102E-030  -2.837E-032  -1.178E-049   2.203E-098   3.647E-098   3.254E-107   3.525E-107   5.045E-108   3.593E-108   8.252E-109  -4.724E-136  -1.279E-165
 3.45   8.363E-001   1.637E-001   4.039E-007  -4.748E-028  -1.357E-032  -3.035E-032   1.084E-033   1.983E-051  -5.553E-101  -9.169E-101   2.598E-110   2.917E-110   4.361E-111   3.218E-111   6.871E-112  -3.294E-139  -7.105E-169
 3.40   8.472E-001   1.528E-001   2.488E-007  -4.506E-029  -8.610E-034  -1.760E-033  -9.879E-036  -9.137E-053   1.440E-102   2.368E-102  -4.185E-114  -2.580E-113  -9.638E-114  -4.922E-114   1.398E-114  -1.532E-141  -3.954E-171
 3.35   8.541E-001   1.459E-001   1.807E-007  -1.097E-029  -1.825E-034  -3.682E-034  -8.862E-037   2.099E-054  -5.526E-104  -8.996E-104   4.433E-115   6.377E-115   1.207E-115   3.463E-116  -1.876E-116   1.182E-143   1.751E-173
 3.30   8.594E-001   1.406E-001   1.409E-007  -3.718E-030  -5.875E-035  -1.108E-034  -1.452E-037   7.690E-057   2.500E-105   4.047E-105  -1.979E-116  -2.796E-116  -3.981E-117  -6.475E-118   6.772E-118  -3.208E-145  -3.637E-175
 3.25   8.638E-001   1.362E-001   1.138E-007  -1.474E-030  -2.236E-035  -3.952E-035  -3.095E-038   2.190E-058  -1.147E-106  -1.891E-106   1.507E-117   2.178E-117   2.903E-118   3.311E-119  -4.902E-119   2.083E-146   2.108E-176
 3.20   8.676E-001   1.324E-001   9.386E-008  -6.405E-031  -9.395E-036  -1.558E-035  -7.683E-039   1.140E-059   4.147E-108   7.495E-108  -1.386E-118  -2.075E-118  -2.832E-119  -2.744E-120   4.495E-120  -1.799E-147  -1.681E-177
 3.15   8.712E-001   1.288E-001   7.862E-008  -2.968E-031  -4.226E-036  -6.587E-036  -2.130E-039   8.767E-061  -5.384E-110  -1.877E-109   1.272E-119   1.979E-119   2.953E-120   2.938E-121  -4.292E-121   1.663E-148   1.460E-178
 3.10   8.744E-001   1.256E-001   6.668E-008  -1.445E-031  -2.003E-036  -2.942E-036  -6.444E-040   8.888E-062  -5.220E-111   1.560E-111  -1.063E-120  -1.711E-120  -2.983E-121  -3.514E-122   3.975E-122  -1.527E-149  -1.277E-179
 3.05   8.774E-001   1.226E-001   5.714E-008  -7.312E-032  -9.913E-037  -1.373E-036  -2.093E-040   1.109E-062   5.493E-112   1.364E-113   7.438E-122   1.219E-121   2.720E-122   4.149E-123  -3.432E-123   1.340E-150   1.082E-180
 3.00   8.801E-001   1.199E-001   4.939E-008  -3.815E-032  -5.096E-037  -6.645E-037  -7.207E-041   1.627E-063  -4.294E-113   3.434E-115  -3.801E-123  -6.111E-123  -2.103E-123  -4.477E-124   2.693E-124  -1.098E-151  -8.679E-182
 2.95   8.828E-001   1.172E-001   4.302E-008  -2.040E-032  -2.713E-037  -3.312E-037  -2.604E-041   2.716E-064   3.125E-114   1.387E-116   9.057E-125   1.116E-124   1.282E-124   4.238E-125  -1.888E-125   8.289E-153   6.506E-183
 2.90   8.852E-001   1.148E-001   3.771E-008  -1.112E-032  -1.493E-037  -1.691E-037  -9.793E-042   5.038E-065  -2.014E-115   7.483E-118   4.334E-126   1.205E-125  -5.374E-126  -3.453E-126   1.171E-126  -5.723E-154  -4.534E-184
 2.85   8.876E-001   1.124E-001   3.325E-008  -6.143E-033  -8.492E-038  -8.805E-038  -3.803E-042   1.018E-065   1.172E-116   4.910E-119  -4.344E-127  -1.246E-126   7.138E-128   2.407E-127  -6.398E-128   3.617E-155   2.940E-185
 2.80   8.898E-001   1.102E-001   2.947E-008  -3.430E-033  -4.984E-038  -4.654E-038  -1.514E-042   2.204E-066  -6.500E-118   3.626E-120  -1.593E-129   5.810E-128   1.144E-128  -1.550E-128   3.352E-129  -2.283E-156  -1.950E-186
 2.75   8.920E-001   1.080E-001   2.622E-008  -1.928E-033  -3.016E-038  -2.488E-038  -6.144E-043   5.026E-067   3.877E-119   2.838E-121   3.257E-129  -1.310E-129  -1.575E-129   1.026E-129  -1.883E-130   1.596E-157   1.470E-187
 2.70   8.941E-001   1.059E-001   2.341E-008  -1.087E-033  -1.879E-038  -1.340E-038  -2.526E-043   1.196E-067  -2.233E-120   2.319E-122  -3.942E-130  -6.819E-131   1.441E-130  -6.705E-131   1.078E-131  -1.164E-158  -1.172E-188
 2.65   8.962E-001   1.038E-001   2.096E-008  -6.126E-034  -1.202E-038  -7.244E-039  -1.047E-043   2.942E-068   1.226E-121   1.947E-123   2.813E-131   1.215E-131  -1.104E-131   4.195E-132  -6.063E-133   8.439E-160   9.351E-190
 2.60   8.982E-001   1.018E-001   1.880E-008  -3.442E-034  -7.876E-039  -3.918E-039  -4.352E-044   7.401E-069  -5.404E-123   1.654E-124  -1.046E-132  -1.077E-132   7.357E-133  -2.434E-133   3.222E-134  -5.818E-161  -7.075E-191
 2.55   9.002E-001   9.981E-002   1.688E-008  -1.922E-034  -5.260E-039  -2.113E-039  -1.804E-044   1.884E-069   2.076E-124   1.400E-125  -1.640E-134   7.136E-134  -4.187E-134   1.251E-134  -1.541E-135   3.593E-162   4.730E-192
 2.50   9.022E-001   9.784E-002   1.517E-008  -1.063E-034  -3.565E-039  -1.132E-039  -7.419E-045   4.786E-070  -3.836E-126   1.130E-126   4.495E-135  -4.266E-135   2.286E-135  -6.348E-136   7.381E-137  -2.176E-163  -3.050E-193
 2.45   9.041E-001   9.588E-002   1.362E-008  -5.799E-035  -2.436E-039  -6.000E-040  -3.008E-045   1.196E-070   2.508E-127   8.205E-128  -3.616E-136   2.710E-136  -1.370E-136   3.610E-137  -4.023E-138   1.453E-164   2.141E-194
 2.40   9.061E-001   9.391E-002   1.222E-008  -3.112E-035  -1.668E-039  -3.135E-040  -1.195E-045   2.900E-071   8.808E-129   5.110E-129   2.575E-137  -1.894E-137   9.209E-138  -2.333E-138   2.516E-139  -1.077E-165  -1.647E-195
 2.35   9.081E-001   9.194E-002   1.094E-008  -1.636E-035  -1.135E-039  -1.607E-040  -4.626E-046   6.727E-072   8.240E-130   2.555E-130  -1.973E-138   1.470E-138  -6.948E-139   1.707E-139  -1.795E-140   8.828E-167   1.382E-196
 2.30   9.101E-001   8.994E-002   9.757E-009  -8.385E-036  -7.630E-040  -8.046E-041  -1.731E-046   1.472E-072   4.888E-131   9.317E-132   1.669E-139  -1.253E-139   5.800E-140  -1.392E-140   1.433E-141  -7.872E-168  -1.245E-197
 2.25   9.121E-001   8.790E-002   8.672E-009  -4.172E-036  -5.027E-040  -3.915E-041  -6.219E-047   2.991E-073   2.343E-132   2.111E-133  -1.516E-140   1.140E-140  -5.196E-141   1.223E-141  -1.239E-142   7.398E-169   1.165E-198
 2.20   9.142E-001   8.582E-002   7.670E-009  -2.005E-036  -3.228E-040  -1.841E-041  -2.129E-047   5.570E-074   8.448E-134   2.103E-135   1.403E-141  -1.054E-141   4.747E-142  -1.100E-142   1.100E-143  -6.958E-170  -1.075E-199
 2.15   9.163E-001   8.368E-002   6.743E-009  -9.254E-037  -2.009E-040  -8.323E-042  -6.894E-048   9.389E-075   2.425E-135   6.336E-139  -1.213E-142   9.099E-143  -4.065E-143   9.308E-144  -9.216E-145   5.990E-171   8.884E-201
 2.10   9.185E-001   8.148E-002   5.886E-009  -4.081E-037  -1.207E-040  -3.595E-042  -2.096E-048   1.423E-075   7.024E-137  -2.487E-141   8.304E-144  -6.240E-144   2.782E-144  -6.335E-145   6.240E-146  -3.958E-172  -5.399E-202
 2.05   9.208E-001   7.920E-002   5.097E-009  -1.708E-037  -6.969E-041  -1.474E-042  -5.926E-049   1.902E-076   2.036E-138   1.881E-143  -4.035E-145   3.066E-145  -1.379E-145   3.160E-146  -3.125E-147   1.757E-173   2.010E-203
 2.00   9.232E-001   7.684E-002   4.372E-009  -6.732E-038  -3.852E-041  -5.686E-043  -1.534E-049   2.134E-077   3.807E-140  -3.610E-145   1.843E-146  -1.427E-146   6.535E-147  -1.522E-147   1.521E-148  -7.169E-175  -6.544E-205
 1.95   9.256E-001   7.438E-002   3.712E-009  -2.485E-038  -2.031E-041  -2.052E-043  -3.611E-050   1.979E-078   3.478E-142   9.440E-147  -7.242E-148   5.774E-148  -2.725E-148   6.530E-149  -6.654E-150   2.486E-176   1.720E-206
 1.90   9.282E-001   7.184E-002   3.115E-009  -8.549E-039  -1.019E-041  -6.898E-044  -7.685E-051   1.517E-079   1.055E-144  -2.502E-148   2.070E-149  -1.728E-149   8.563E-150  -2.155E-150   2.264E-151  -6.253E-178  -3.070E-208
 1.85   9.308E-001   6.920E-002   2.582E-009  -2.728E-039  -4.844E-042  -2.146E-044  -1.467E-051   9.430E-081  -1.881E-147   6.072E-150  -3.421E-151   3.096E-151  -1.688E-151   4.666E-152  -5.179E-153   9.231E-180   2.769E-210
 1.80   9.335E-001   6.648E-002   2.115E-009  -8.199E-040  -2.209E-042  -6.277E-045  -2.510E-052   3.177E-082   8.178E-149  -4.758E-151   3.115E-152  -2.894E-152   1.620E-152  -4.567E-153   5.121E-154  -8.321E-181  -2.228E-211
 1.75   9.363E-001   6.368E-002   1.709E-009  -2.277E-040  -9.523E-043  -1.691E-045  -3.832E-053   8.179E-084  -3.202E-150   3.009E-152  -1.700E-153   1.655E-153  -9.824E-154   2.917E-154  -3.358E-155   4.564E-182   1.010E-212
 1.70   9.392E-001   6.082E-002   1.361E-009  -5.801E-041  -3.872E-043  -4.161E-046  -5.088E-054   1.076E-085   1.400E-151  -1.839E-153   6.624E-155  -6.874E-155   4.532E-155  -1.475E-155   1.775E-156  -1.868E-183  -3.159E-214
 1.65   9.421E-001   5.790E-002   1.068E-009  -1.353E-041  -1.483E-043  -9.311E-047  -5.789E-055   3.794E-089  -7.035E-153   1.167E-154  -2.132E-156   2.312E-156  -1.804E-156   6.744E-157  -8.612E-158   6.738E-185   8.348E-216
 1.60   9.450E-001   5.495E-002   8.253E-010  -2.893E-042  -5.344E-044  -1.892E-047  -5.608E-056  -3.840E-091   3.847E-154  -7.519E-156   6.042E-158  -5.611E-158   5.963E-158  -2.772E-158   3.827E-159  -2.148E-186  -1.877E-217
 1.55   9.480E-001   5.198E-002   6.282E-010  -5.691E-043  -1.810E-044  -3.480E-048  -4.574E-057   7.258E-093  -2.219E-155   4.847E-157  -2.176E-159   5.746E-160  -1.494E-159   1.023E-159  -1.563E-160   6.101E-188   3.640E-219
 1.50   9.510E-001   4.899E-002   4.704E-010  -1.036E-043  -5.745E-045  -5.759E-049  -3.078E-058  -1.929E-094   1.328E-156  -3.099E-158   1.364E-160   2.409E-161   1.804E-161  -3.379E-161   5.901E-162  -1.562E-189  -6.189E-221
 1.45   9.540E-001   4.599E-002   3.460E-010  -1.769E-044  -1.701E-045  -8.489E-050  -1.649E-059   6.479E-096  -8.176E-158   1.959E-159  -9.745E-162  -1.222E-162   7.698E-163   9.920E-163  -2.075E-163   3.644E-191   9.357E-223
 1.40   9.570E-001   4.300E-002   2.497E-010  -2.899E-045  -4.662E-046  -1.098E-050  -6.616E-061  -2.599E-097   5.142E-159  -1.220E-160   5.934E-163  -1.346E-164  -7.132E-164  -2.514E-164   6.800E-165  -7.758E-193  -1.262E-224
 1.35   9.600E-001   4.001E-002   1.764E-010  -4.724E-046  -1.173E-046  -1.218E-051  -1.773E-062   1.199E-098  -3.278E-160   7.455E-162  -2.892E-164   5.151E-165   3.500E-165   5.049E-166  -2.062E-166   1.492E-194   1.495E-226
 1.30   9.630E-001   3.703E-002   1.217E-010  -7.891E-047  -2.678E-047  -1.129E-052  -2.447E-064  -6.165E-100   2.092E-161  -4.417E-163   1.059E-165  -4.077E-166  -1.292E-166  -5.637E-168   5.678E-168  -2.525E-196  -1.495E-228
 1.25   9.659E-001   3.408E-002   8.185E-011  -1.346E-047  -5.484E-048  -8.420E-054  -3.821E-067   3.421E-101  -1.314E-162   2.496E-164  -2.233E-167   2.170E-167   3.746E-168  -1.013E-169  -1.380E-169   3.608E-198   1.185E-230
 1.20   9.688E-001   3.116E-002   5.351E-011  -2.245E-048  -9.948E-049  -4.841E-055   3.600E-069  -1.990E-102   7.985E-164  -1.321E-165  -3.684E-169  -8.831E-169  -8.347E-170   8.095E-171   2.877E-171  -4.178E-200  -6.926E-233
 1.15   9.717E-001   2.831E-002   3.395E-011  -3.474E-049  -1.581E-049  -2.021E-056  -6.823E-071   1.186E-103  -4.636E-165   6.470E-167   6.324E-170   2.869E-170   1.342E-171  -2.710E-172  -5.086E-173   3.841E-202   2.832E-235
 1.10   9.745E-001   2.552E-002   2.086E-011  -4.769E-050  -2.177E-050  -5.534E-058   1.864E-072  -7.184E-105   2.576E-166  -2.948E-168  -3.660E-171  -7.724E-172  -1.270E-173   6.458E-174   7.734E-175  -2.852E-204  -8.076E-238
 1.05   9.772E-001   2.284E-002   1.239E-011  -5.623E-051  -2.557E-051  -7.769E-060  -6.539E-074   4.437E-106  -1.390E-167   1.272E-169   1.544E-172   1.810E-173  -4.762E-176  -1.254E-175  -1.053E-176   1.809E-206   1.731E-240
 1.00   9.797E-001   2.026E-002   7.102E-012  -5.555E-052  -2.503E-052  -9.986E-063   2.782E-075  -2.809E-107   7.385E-169  -5.298E-171  -5.532E-174  -3.876E-175   5.415E-177   2.147E-177   1.344E-178  -1.057E-208  -3.270E-243
 0.95   9.822E-001   1.780E-002   3.891E-012  -3.968E-053  -1.747E-053   1.373E-064  -1.246E-076   1.333E-108  -2.174E-170   8.954E-173   5.211E-176   2.591E-178  -2.868E-179   4.290E-180   5.060E-181  -6.744E-211  -2.318E-245
