 9.00   1.658E-010   1.000E+000
 8.95   1.874E-010   1.000E+000
 8.90   2.117E-010   1.000E+000
 8.85   2.392E-010   1.000E+000
 8.80   2.701E-010   1.000E+000
 8.75   3.051E-010   1.000E+000
 8.70   3.445E-010   1.000E+000
 8.65   3.890E-010   1.000E+000
 8.60   4.391E-010   1.000E+000
 8.55   4.957E-010   1.000E+000
 8.50   5.594E-010   1.000E+000
 8.45   6.311E-010   1.000E+000
 8.40   7.119E-010   1.000E+000
 8.35   8.031E-010   1.000E+000
 8.30   9.057E-010   1.000E+000
 8.25   1.021E-009   1.000E+000
 8.20   1.151E-009   1.000E+000
 8.15   1.297E-009   1.000E+000
 8.10   1.462E-009   1.000E+000
 8.05   1.647E-009   1.000E+000
 8.00   1.856E-009   1.000E+000
 7.95   2.090E-009   1.000E+000
 7.90   2.353E-009   1.000E+000
 7.85   2.652E-009   1.000E+000
 7.80   2.984E-009   1.000E+000
 7.75   3.361E-009   1.000E+000
 7.70   3.784E-009   1.000E+000
 7.65   4.263E-009   1.000E+000
 7.60   4.798E-009   1.000E+000
 7.55   5.403E-009   1.000E+000
 7.50   6.086E-009   1.000E+000
 7.45   6.849E-009   1.000E+000
 7.40   7.715E-009   1.000E+000
 7.35   8.687E-009   1.000E+000
 7.30   9.785E-009   1.000E+000
 7.25   1.102E-008   1.000E+000
 7.20   1.241E-008   1.000E+000
 7.15   1.397E-008   1.000E+000
 7.10   1.574E-008   1.000E+000
 7.05   1.774E-008   1.000E+000
 7.00   1.999E-008   1.000E+000
 6.95   2.254E-008   1.000E+000
 6.90   2.542E-008   1.000E+000
 6.85   2.868E-008   1.000E+000
 6.80   3.237E-008   1.000E+000
 6.75   3.657E-008   1.000E+000
 6.70   4.134E-008   1.000E+000
 6.65   4.675E-008   1.000E+000
 6.60   5.291E-008   1.000E+000
 6.55   5.997E-008   1.000E+000
 6.50   6.802E-008   1.000E+000
 6.45   7.726E-008   1.000E+000
 6.40   8.788E-008   1.000E+000
 6.35   1.001E-007   1.000E+000
 6.30   1.143E-007   1.000E+000
 6.25   1.307E-007   1.000E+000
 6.20   1.498E-007   1.000E+000
 6.15   1.722E-007   1.000E+000
 6.10   1.983E-007   1.000E+000
 6.05   2.290E-007   1.000E+000
 6.00   2.651E-007   1.000E+000
 5.95   3.080E-007   1.000E+000
 5.90   3.590E-007   1.000E+000
 5.85   4.202E-007   1.000E+000
 5.80   4.939E-007   1.000E+000
 5.75   5.829E-007   1.000E+000
 5.70   6.914E-007   1.000E+000
 5.65   8.243E-007   1.000E+000
 5.60   9.889E-007   1.000E+000
 5.55   1.194E-006   1.000E+000
 5.50   1.453E-006   1.000E+000
 5.45   1.780E-006   1.000E+000
 5.40   2.200E-006   1.000E+000
 5.35   2.746E-006   1.000E+000
 5.30   3.462E-006   1.000E+000
 5.25   4.414E-006   1.000E+000
 5.20   5.703E-006   1.000E+000
 5.15   7.477E-006   1.000E+000
 5.10   9.952E-006   1.000E+000
 5.05   1.348E-005   1.000E+000
 5.00   1.862E-005   1.000E+000
 4.95   2.627E-005   1.000E+000
 4.90   3.798E-005   1.000E+000
 4.85   5.639E-005   9.999E-001
 4.80   8.632E-005   9.999E-001
 4.75   1.365E-004   9.999E-001
 4.70   2.241E-004   9.998E-001
 4.65   3.841E-004   9.996E-001
 4.60   6.845E-004   9.993E-001
 4.55   1.244E-003   9.988E-001
 4.50   2.183E-003   9.978E-001
 4.45   3.616E-003   9.964E-001
 4.40   5.680E-003   9.943E-001
 4.35   8.573E-003   9.914E-001
 4.30   1.262E-002   9.874E-001
 4.25   1.837E-002   9.816E-001
 4.20   2.673E-002   9.733E-001
 4.15   3.918E-002   9.608E-001
 4.10   5.786E-002   9.421E-001
 4.05   8.561E-002   9.144E-001
 4.00   1.252E-001   8.748E-001
 3.95   1.782E-001   8.218E-001
 3.90   2.439E-001   7.561E-001
 3.85   3.206E-001   6.794E-001
 3.80   4.057E-001   5.943E-001
 3.75   4.969E-001   5.031E-001
 3.70   5.909E-001   4.091E-001
 3.65   6.822E-001   3.178E-001
 3.60   7.623E-001   2.377E-001
 3.55   8.213E-001   1.787E-001
 3.50   8.561E-001   1.439E-001
 3.45   8.738E-001   1.262E-001
 3.40   8.832E-001   1.168E-001
 3.35   8.891E-001   1.109E-001
 3.30   8.935E-001   1.065E-001
 3.25   8.973E-001   1.027E-001
 3.20   9.006E-001   9.940E-002
 3.15   9.036E-001   9.641E-002
 3.10   9.063E-001   9.366E-002
 3.05   9.089E-001   9.113E-002
 3.00   9.112E-001   8.876E-002
 2.95   9.135E-001   8.654E-002
 2.90   9.156E-001   8.444E-002
 2.85   9.176E-001   8.244E-002
 2.80   9.195E-001   8.053E-002
 2.75   9.213E-001   7.869E-002
 2.70   9.231E-001   7.691E-002
 2.65   9.248E-001   7.517E-002
 2.60   9.265E-001   7.348E-002
 2.55   9.282E-001   7.182E-002
 2.50   9.298E-001   7.017E-002
 2.45   9.315E-001   6.854E-002
 2.40   9.331E-001   6.691E-002
 2.35   9.347E-001   6.527E-002
 2.30   9.364E-001   6.362E-002
 2.25   9.380E-001   6.195E-002
 2.20   9.398E-001   6.025E-002
 2.15   9.415E-001   5.851E-002
 2.10   9.433E-001   5.673E-002
 2.05   9.451E-001   5.489E-002
 2.00   9.470E-001   5.300E-002
 1.95   9.490E-001   5.105E-002
 1.90   9.510E-001   4.904E-002
 1.85   9.530E-001   4.697E-002
 1.80   9.551E-001   4.485E-002
 1.75   9.573E-001   4.269E-002
 1.70   9.595E-001   4.050E-002
 1.65   9.617E-001   3.829E-002
 1.60   9.639E-001   3.608E-002
 1.55   9.661E-001   3.387E-002
 1.50   9.683E-001   3.167E-002
 1.45   9.705E-001   2.950E-002
 1.40   9.727E-001   2.735E-002
 1.35   9.748E-001   2.523E-002
 1.30   9.769E-001   2.314E-002
 1.25   9.789E-001   2.110E-002
 1.20   9.809E-001   1.911E-002
 1.15   9.828E-001   1.719E-002
 1.10   9.847E-001   1.535E-002
 1.05   9.864E-001   1.359E-002
 1.00   9.881E-001   1.194E-002
 0.95   9.896E-001   1.038E-002
