 9.00   0.000E+000   1.341E-016  -1.529E-016  -5.243E-017   0.000E+000  -2.187E-018   0.000E+000   2.794E-017   0.000E+000  -2.794E-017   2.776E-015   5.333E-011   4.206E-007   9.964E-004   9.990E-001
 8.95   1.460E-067   1.810E-059   1.613E-057   2.038E-053   1.170E-046   1.629E-040   1.019E-034   1.983E-029   2.309E-024   1.319E-019   5.047E-015   8.400E-011   5.816E-007   1.167E-003   9.988E-001
 8.90   9.427E-075   1.145E-066   2.623E-059   8.928E-053   4.524E-046   5.542E-040   3.054E-034   5.223E-029   5.348E-024   2.684E-019   9.021E-015   1.317E-010   8.004E-007   1.361E-003   9.986E-001
 8.85   5.409E-074   6.384E-066   1.295E-058   3.895E-052   1.743E-045   1.878E-039   9.114E-034   1.369E-028   1.233E-023   5.434E-019   1.605E-014   2.055E-010   1.096E-006   1.582E-003   9.984E-001
 8.80   3.106E-073   3.552E-065   6.379E-058   1.696E-051   6.700E-045   6.351E-039   2.713E-033   3.580E-028   2.832E-023   1.097E-018   2.847E-014   3.195E-010   1.495E-006   1.835E-003   9.982E-001
 8.75   1.785E-072   1.974E-064   3.140E-057   7.377E-051   2.573E-044   2.145E-038   8.071E-033   9.349E-028   6.499E-023   2.210E-018   5.038E-014   4.955E-010   2.033E-006   2.122E-003   9.979E-001
 8.70   1.025E-071   1.094E-063   1.543E-056   3.204E-050   9.867E-044   7.236E-038   2.396E-032   2.437E-027   1.488E-022   4.442E-018   8.893E-014   7.663E-010   2.759E-006   2.453E-003   9.975E-001
 8.65   5.927E-071   6.092E-063   7.609E-056   1.397E-049   3.798E-043   2.449E-037   7.135E-032   6.371E-027   3.414E-022   8.940E-018   1.571E-013   1.185E-009   3.739E-006   2.831E-003   9.972E-001
 8.60   3.449E-070   3.405E-062   3.766E-055   6.111E-049   1.466E-042   8.314E-037   2.130E-031   1.668E-026   7.846E-022   1.801E-017   2.776E-013   1.832E-009   5.058E-006   3.267E-003   9.967E-001
 8.55   2.014E-069   1.904E-061   1.866E-054   2.676E-048   5.668E-042   2.824E-036   6.362E-031   4.370E-026   1.803E-021   3.627E-017   4.901E-013   2.829E-009   6.842E-006   3.769E-003   9.962E-001
 8.50   1.187E-068   1.072E-060   9.314E-054   1.181E-047   2.206E-041   9.658E-036   1.912E-030   1.151E-025   4.161E-021   7.328E-017   8.674E-013   4.374E-009   9.247E-006   4.346E-003   9.956E-001
 8.45   7.057E-068   6.072E-060   4.671E-053   5.230E-047   8.618E-041   3.314E-035   5.761E-030   3.039E-025   9.619E-021   1.482E-016   1.536E-012   6.764E-009   1.250E-005   5.011E-003   9.950E-001
 8.40   4.230E-067   3.458E-059   2.356E-052   2.331E-046   3.387E-040   1.144E-034   1.745E-029   8.058E-025   2.231E-020   3.006E-016   2.726E-012   1.048E-008   1.692E-005   5.784E-003   9.942E-001
 8.35   2.559E-066   1.981E-058   1.197E-051   1.046E-045   1.340E-039   3.971E-034   5.311E-029   2.147E-024   5.196E-020   6.113E-016   4.846E-012   1.625E-008   2.291E-005   6.672E-003   9.933E-001
 8.30   1.567E-065   1.145E-057   6.127E-051   4.728E-045   5.336E-039   1.387E-033   1.625E-028   5.742E-024   1.213E-019   1.245E-015   8.625E-012   2.521E-008   3.104E-005   7.697E-003   9.923E-001
 8.25   9.705E-065   6.681E-057   3.166E-050   2.158E-044   2.144E-038   4.888E-033   5.012E-028   1.547E-023   2.854E-019   2.554E-015   1.544E-011   3.932E-008   4.220E-005   8.896E-003   9.911E-001
 8.20   6.095E-064   3.938E-056   1.652E-049   9.942E-044   8.699E-038   1.737E-032   1.558E-027   4.200E-023   6.745E-019   5.258E-015   2.773E-011   6.147E-008   5.752E-005   1.030E-002   9.896E-001
 8.15   3.877E-063   2.344E-055   8.713E-049   4.627E-043   3.562E-037   6.229E-032   4.881E-027   1.147E-022   1.604E-018   1.088E-014   4.999E-011   9.644E-008   7.867E-005   1.193E-002   9.880E-001
 8.10   2.508E-062   1.414E-054   4.652E-048   2.179E-042   1.475E-036   2.257E-031   1.544E-026   3.162E-022   3.844E-018   2.266E-014   9.068E-011   1.521E-007   1.080E-004   1.386E-002   9.860E-001
 8.05   1.650E-061   8.654E-054   2.520E-047   1.041E-041   6.195E-036   8.284E-031   4.941E-026   8.808E-022   9.296E-018   4.757E-014   1.656E-010   2.413E-007   1.493E-004   1.615E-002   9.837E-001
 8.00   1.104E-060   5.368E-053   1.383E-046   5.039E-041   2.633E-035   3.075E-030   1.598E-025   2.476E-021   2.265E-017   1.005E-013   3.041E-010   3.848E-007   2.073E-004   1.886E-002   9.809E-001
 7.95   7.513E-060   3.378E-052   7.701E-046   2.472E-040   1.134E-034   1.156E-029   5.223E-025   7.034E-021   5.575E-017   2.142E-013   5.628E-010   6.182E-007   2.899E-004   2.213E-002   9.776E-001
 7.90   5.218E-059   2.164E-051   4.362E-045   1.234E-039   4.962E-034   4.409E-029   1.732E-024   2.024E-020   1.387E-016   4.607E-013   1.050E-009   1.001E-006   4.085E-004   2.605E-002   9.735E-001
 7.85   3.705E-058   1.412E-050   2.515E-044   6.263E-039   2.208E-033   1.709E-028   5.827E-024   5.900E-020   3.491E-016   1.001E-012   1.978E-009   1.633E-006   5.803E-004   3.080E-002   9.686E-001
 7.80   2.683E-057   9.372E-050   1.475E-043   3.233E-038   9.982E-033   6.721E-028   1.987E-023   1.742E-019   8.883E-016   2.196E-012   3.755E-009   2.687E-006   8.318E-004   3.660E-002   9.626E-001
 7.75   1.991E-056   6.358E-049   8.835E-043   1.703E-037   4.602E-032   2.693E-027   6.892E-023   5.222E-019   2.292E-015   4.876E-012   7.207E-009   4.466E-006   1.204E-003   4.372E-002   9.551E-001
 7.70   1.513E-055   4.403E-048   5.401E-042   9.155E-037   2.163E-031   1.098E-026   2.431E-022   1.590E-018   5.993E-015   1.095E-011   1.398E-008   7.498E-006   1.763E-003   5.252E-002   9.457E-001
 7.65   1.178E-054   3.118E-047   3.372E-041   5.025E-036   1.037E-030   4.565E-026   8.718E-022   4.915E-018   1.589E-014   2.490E-011   2.741E-008   1.271E-005   2.611E-003   6.348E-002   9.339E-001
 7.60   9.420E-054   2.262E-046   2.157E-040   2.822E-035   5.084E-030   1.937E-025   3.187E-021   1.546E-017   4.276E-014   5.736E-011   5.434E-008   2.180E-005   3.911E-003   7.716E-002   9.189E-001
 7.55   7.738E-053   1.682E-045   1.412E-039   1.621E-034   2.547E-029   8.389E-025   1.187E-020   4.946E-017   1.168E-013   1.338E-010   1.090E-007   3.779E-005   5.935E-003   9.436E-002   8.997E-001
 7.50   6.550E-052   1.285E-044   9.490E-039   9.563E-034   1.308E-028   3.719E-024   4.515E-020   1.613E-016   3.245E-013   3.167E-010   2.213E-007   6.627E-005   9.130E-003   1.160E-001   8.748E-001
 7.45   5.695E-051   1.006E-043   6.538E-038   5.776E-033   6.873E-028   1.683E-023   1.750E-019   5.348E-016   9.149E-013   7.589E-010   4.541E-007   1.173E-004   1.421E-002   1.432E-001   8.424E-001
 7.40   5.091E-050   8.088E-043   4.616E-037   3.573E-032   3.696E-027   7.786E-023   6.913E-019   1.804E-015   2.616E-012   1.840E-009   9.403E-007   2.095E-004   2.238E-002   1.771E-001   8.003E-001
 7.35   4.675E-049   6.658E-042   3.336E-036   2.260E-031   2.028E-026   3.669E-022   2.776E-018   6.172E-015   7.567E-012   4.497E-009   1.958E-006   3.758E-004   3.550E-002   2.184E-001   7.457E-001
 7.30   4.375E-048   5.578E-041   2.451E-035   1.452E-030   1.130E-025   1.751E-021   1.126E-017   2.128E-014   2.200E-011   1.101E-008   4.073E-006   6.726E-004   5.640E-002   2.670E-001   6.760E-001
 7.25   4.164E-047   4.744E-040   1.826E-034   9.456E-030   6.370E-025   8.443E-021   4.600E-017   7.370E-014   6.399E-011   2.690E-008   8.422E-006   1.194E-003   8.922E-002   3.205E-001   5.891E-001
 7.20   4.002E-046   4.065E-039   1.370E-033   6.191E-029   3.603E-024   4.074E-020   1.875E-016   2.540E-013   1.846E-010   6.494E-008   1.714E-005   2.082E-003   1.391E-001   3.731E-001   4.857E-001
 7.15   3.830E-045   3.462E-038   1.020E-032   4.022E-028   2.021E-023   1.945E-019   7.543E-016   8.610E-013   5.214E-010   1.528E-007   3.385E-005   3.510E-003   2.108E-001   4.143E-001   3.714E-001
 7.10   3.586E-044   2.880E-037   7.414E-032   2.547E-027   1.103E-022   9.012E-019   2.935E-015   2.816E-012   1.416E-009   3.446E-007   6.372E-005   5.619E-003   3.046E-001   4.306E-001   2.591E-001
 7.05   3.275E-043   2.333E-036   5.241E-031   1.567E-026   5.841E-022   4.038E-018   1.101E-014   8.843E-012   3.676E-009   7.387E-007   1.134E-004   8.460E-003   4.157E-001   4.135E-001   1.622E-001
 7.00   2.906E-042   1.832E-035   3.589E-030   9.329E-026   2.991E-021   1.745E-017   3.970E-014   2.660E-011   9.097E-009   1.503E-006   1.902E-004   1.193E-002   5.333E-001   3.645E-001   9.006E-002
 6.95   2.538E-041   1.414E-034   2.413E-029   5.447E-025   1.498E-020   7.351E-017   1.391E-013   7.740E-011   2.168E-008   2.928E-006   3.033E-004   1.587E-002   6.466E-001   2.937E-001   4.356E-002
 6.90   2.209E-040   1.086E-033   1.613E-028   3.159E-024   7.449E-020   3.062E-016   4.799E-013   2.208E-010   5.035E-008   5.528E-006   4.648E-004   2.011E-002   7.466E-001   2.148E-001   1.798E-002
 6.85   1.945E-039   8.425E-033   1.088E-027   1.845E-023   3.727E-019   1.279E-015   1.654E-012   6.262E-010   1.156E-007   1.026E-005   6.938E-004   2.453E-002   8.272E-001   1.413E-001   6.239E-003
 6.80   1.765E-038   6.720E-032   7.535E-027   1.105E-022   1.908E-018   5.442E-015   5.782E-012   1.793E-009   2.663E-007   1.896E-005   1.021E-003   2.910E-002   8.844E-001   8.366E-002   1.842E-003
 6.75   1.671E-037   5.582E-031   5.432E-026   6.884E-022   1.016E-017   2.397E-014   2.083E-011   5.258E-009   6.241E-007   3.539E-005   1.499E-003   3.400E-002   9.184E-001   4.555E-002   4.826E-004
 6.70   1.688E-036   4.940E-030   4.168E-025   4.556E-021   5.737E-017   1.115E-013   7.883E-011   1.612E-008   1.519E-006   6.805E-005   2.240E-003   3.973E-002   9.345E-001   2.332E-002   1.163E-004
 6.65   1.859E-035   4.755E-029   3.474E-024   3.270E-020   3.507E-016   5.585E-013   3.198E-010   5.258E-008   3.906E-006   1.370E-004   3.453E-003   4.710E-002   9.378E-001   1.149E-002   2.667E-005
 6.60   2.260E-034   5.041E-028   3.184E-023   2.578E-019   2.355E-015   3.056E-012   1.409E-009   1.851E-007   1.075E-005   2.922E-004   5.558E-003   5.725E-002   9.314E-001   5.453E-003   5.561E-006
 6.55   3.084E-033   5.985E-027   3.262E-022   2.265E-018   1.759E-014   1.851E-011   6.831E-009   7.109E-007   3.199E-005   6.656E-004   9.406E-003   7.174E-002   9.158E-001   2.369E-003   9.415E-007
 6.50   4.733E-032   7.982E-026   3.748E-021   2.229E-017   1.471E-013   1.247E-010   3.660E-008   2.994E-006   1.033E-004   1.626E-003   1.675E-002   9.259E-002   8.880E-001   8.826E-004   1.143E-007
 6.45   8.162E-031   1.196E-024   4.824E-020   2.451E-016   1.374E-012   9.322E-010   2.162E-007   1.376E-005   3.602E-004   4.227E-003   3.119E-002   1.221E-001   8.419E-001   2.633E-004   8.726E-009
 6.40   1.583E-029   2.000E-023   6.916E-019   2.994E-015   1.425E-011   7.683E-009   1.397E-006   6.844E-005   1.342E-003   1.156E-002   5.968E-002   1.612E-001   7.661E-001   5.801E-005   3.628E-010
 6.35   3.347E-028   3.617E-022   1.069E-017   3.933E-014   1.589E-010   6.761E-008   9.550E-006   3.559E-004   5.161E-003   3.205E-002   1.130E-001   2.050E-001   6.445E-001   8.582E-006   7.043E-012
 6.30   7.170E-027   6.606E-021   1.664E-016   5.185E-013   1.779E-009   5.929E-007   6.451E-005   1.805E-003   1.909E-002   8.384E-002   1.965E-001   2.329E-001   4.658E-001   7.585E-007   5.666E-014
 6.25   1.397E-025   1.100E-019   2.356E-015   6.189E-012   1.805E-008   4.668E-006   3.868E-004   8.008E-003   6.062E-002   1.838E-001   2.786E-001   2.090E-001   2.596E-001   3.868E-008   2.328E-016
 6.20   2.190E-024   1.488E-018   2.703E-014   5.970E-011   1.480E-007   2.944E-005   1.836E-003   2.764E-002   1.468E-001   2.996E-001   2.849E-001   1.315E-001   1.078E-001   1.601E-009   1.382E-018
 6.15   2.771E-023   1.635E-017   2.512E-013   4.637E-010   9.791E-007   1.481E-004   6.858E-003   7.359E-002   2.677E-001   3.576E-001   2.048E-001   5.558E-002   3.377E-002   6.898E-011   1.291E-020
 6.10   3.002E-022   1.490E-016   1.933E-012   2.974E-009   5.359E-006   6.096E-004   2.065E-002   1.548E-001   3.774E-001   3.185E-001   1.044E-001   1.569E-002   7.950E-003   3.126E-012   1.567E-022
 6.05   2.941E-021   1.182E-015   1.292E-011   1.646E-008   2.539E-005   2.146E-003   5.219E-002   2.663E-001   4.219E-001   2.150E-001   3.803E-002   2.981E-003   1.470E-003   1.443E-013   2.057E-024
 6.00   2.543E-020   8.358E-015   7.703E-011   8.075E-008   1.070E-004   6.617E-003   1.131E-001   3.819E-001   3.778E-001   1.099E-001   9.888E-003   3.909E-004   2.413E-004   7.150E-015   3.042E-026
 5.95   1.914E-019   5.329E-014   4.138E-010   3.546E-007   4.059E-004   1.803E-002   2.117E-001   4.569E-001   2.688E-001   4.215E-002   1.824E-003   3.760E-005   3.913E-005   3.951E-016   5.341E-028
 5.90   1.287E-018   3.069E-013   2.006E-009   1.395E-006   1.387E-003   4.345E-002   3.420E-001   4.515E-001   1.495E-001   1.194E-002   2.365E-004   3.128E-006   6.401E-006   2.339E-017   1.051E-029
 5.85   7.926E-018   1.606E-012   8.821E-009   4.942E-006   4.298E-003   9.302E-002   4.740E-001   3.623E-001   6.387E-002   2.457E-003   2.126E-005   3.061E-007   1.038E-006   1.406E-018   2.132E-031
 5.80   4.485E-017   7.670E-012   3.530E-008   1.579E-005   1.212E-002   1.768E-001   5.576E-001   2.325E-001   2.065E-002   3.634E-004   1.302E-006   4.093E-008   1.668E-007   8.524E-020   4.461E-033
 5.75   2.325E-016   3.342E-011   1.285E-007   4.548E-005   3.110E-002   2.962E-001   5.494E-001   1.182E-001   5.025E-003   3.812E-005   5.412E-008   6.402E-009   2.724E-008   5.408E-021   1.008E-034
 5.70   1.100E-015   1.327E-010   4.245E-007   1.178E-004   7.248E-002   4.324E-001   4.471E-001   4.692E-002   9.009E-004   2.690E-006   1.853E-009   1.056E-009   4.582E-009   3.658E-022   2.520E-036
 5.65   4.654E-015   4.721E-010   1.252E-006   2.695E-004   1.509E-001   5.383E-001   2.960E-001   1.443E-002   1.155E-004   1.207E-007   1.328E-010   1.787E-010   7.881E-010   2.605E-023   6.849E-038
 5.60   1.740E-014   1.479E-009   3.238E-006   5.344E-004   2.750E-001   5.624E-001   1.586E-001   3.424E-003   1.034E-005   3.311E-009   2.166E-011   3.212E-011   1.436E-010   2.058E-024   2.173E-039
 5.55   5.660E-014   4.015E-009   7.214E-006   9.024E-004   4.305E-001   4.966E-001   7.133E-002   6.450E-004   6.639E-007   6.284E-011   4.779E-012   6.993E-012   3.158E-011   2.184E-025   1.043E-040
 5.50   1.603E-013   9.481E-009   1.391E-005   1.302E-003   5.775E-001   3.916E-001   2.947E-002   1.064E-004   3.562E-008   3.010E-012   1.443E-012   2.071E-012   9.395E-012   3.667E-026   9.395E-042
 5.45   4.142E-013   2.044E-008   2.439E-005   1.685E-003   6.897E-001   2.965E-001   1.216E-002   1.700E-005   1.987E-009   9.495E-013   5.771E-013   8.118E-013   3.676E-012   9.296E-027   1.486E-042
 5.40   1.043E-012   4.292E-008   4.149E-005   2.085E-003   7.689E-001   2.238E-001   5.224E-003   2.813E-006   1.348E-010   4.636E-013   2.784E-013   3.843E-013   1.725E-012   3.092E-027   3.405E-043
 5.35   2.693E-012   9.208E-008   7.199E-005   2.588E-003   8.233E-001   1.716E-001   2.405E-003   5.069E-007   1.224E-011   2.547E-013   1.497E-013   2.033E-013   8.967E-013   1.202E-027   9.647E-044
 5.30   7.381E-012   2.094E-007   1.323E-004   3.341E-003   8.601E-001   1.352E-001   1.209E-003   1.041E-007   1.603E-012   1.486E-013   8.536E-014   1.144E-013   4.919E-013   5.070E-028   3.062E-044
 5.25   2.215E-011   5.202E-007   2.648E-004   4.606E-003   8.846E-001   1.099E-001   6.669E-004   2.497E-008   3.522E-013   8.924E-014   5.002E-014   6.663E-014   2.764E-013   2.224E-028   1.028E-044
 5.20   7.339E-011   1.428E-006   5.818E-004   6.823E-003   9.000E-001   9.218E-002   4.016E-004   7.017E-009   1.352E-013   5.421E-014   2.961E-014   3.950E-014   1.565E-013   9.909E-029   3.535E-045
 5.15   2.601E-010   4.201E-006   1.359E-003   1.054E-002   9.083E-001   7.949E-002   2.608E-004   2.280E-009   7.099E-014   3.293E-014   1.755E-014   2.368E-014   8.864E-014   4.434E-029   1.227E-045
 5.10   9.435E-010   1.263E-005   3.207E-003   1.615E-002   9.103E-001   7.013E-002   1.803E-004   8.424E-010   4.117E-014   1.988E-014   1.037E-014   1.432E-014   5.005E-014   1.984E-029   4.270E-046
 5.05   3.378E-009   3.728E-005   7.345E-003   2.337E-002   9.062E-001   6.293E-002   1.308E-004   3.466E-010   2.423E-014   1.184E-014   6.082E-015   8.708E-015   2.811E-014   8.841E-030   1.485E-046
 5.00   1.148E-008   1.043E-004   1.574E-002   3.063E-002   8.963E-001   5.712E-002   9.825E-005   1.550E-010   1.403E-014   6.924E-015   3.528E-015   5.308E-015   1.563E-014   3.902E-030   5.113E-047
 4.95   3.591E-008   2.685E-004   3.065E-002   3.533E-002   8.815E-001   5.220E-002   7.542E-005   7.343E-011   7.870E-015   3.943E-015   2.011E-015   3.221E-015   8.556E-015   1.691E-030   1.724E-047
 4.90   1.011E-007   6.224E-004   5.299E-002   3.562E-002   8.629E-001   4.784E-002   5.856E-005   3.599E-011   4.229E-015   2.175E-015   1.120E-015   1.930E-015   4.573E-015   7.114E-031   5.618E-048
 4.85   2.580E-007   1.303E-003   8.133E-002   3.201E-002   8.415E-001   4.383E-002   4.561E-005   1.788E-011   2.162E-015   1.156E-015   6.046E-016   1.130E-015   2.367E-015   2.874E-031   1.743E-048
 4.80   6.086E-007   2.513E-003   1.127E-001   2.680E-002   8.180E-001   4.003E-002   3.542E-005   8.847E-012   1.047E-015   5.898E-016   3.142E-016   6.397E-016   1.176E-015   1.101E-031   5.065E-049
 4.75   1.355E-006   4.556E-003   1.443E-001   2.220E-002   7.926E-001   3.638E-002   2.728E-005   4.298E-012   4.799E-016   2.876E-016   1.560E-016   3.460E-016   5.553E-016   3.955E-032   1.359E-049
 4.70   2.909E-006   7.932E-003   1.746E-001   1.917E-002   7.655E-001   3.285E-002   2.080E-005   2.034E-012   2.085E-016   1.338E-016   7.360E-017   1.771E-016   2.481E-016   1.321E-032   3.338E-050
 4.65   6.083E-006   1.341E-002   2.022E-001   1.799E-002   7.369E-001   2.948E-002   1.571E-005   9.376E-013   8.648E-017   5.958E-017   3.311E-017   8.584E-017   1.051E-016   4.127E-033   7.546E-051
 4.60   1.261E-005   2.237E-002   2.250E-001   1.854E-002   7.077E-001   2.633E-002   1.181E-005   4.264E-013   3.480E-017   2.579E-017   1.442E-017   3.991E-017   4.299E-017   1.232E-033   1.618E-051
 4.55   2.637E-005   3.730E-002   2.398E-001   2.059E-002   6.788E-001   2.348E-002   8.899E-006   1.953E-013   1.392E-017   1.112E-017   6.232E-018   1.828E-017   1.741E-017   3.649E-034   3.445E-052
 4.50   5.507E-005   6.132E-002   2.428E-001   2.399E-002   6.509E-001   2.096E-002   6.764E-006   9.140E-014   5.649E-018   4.877E-018   2.736E-018   8.450E-018   7.149E-018   1.104E-034   7.565E-053
 4.45   1.106E-004   9.488E-002   2.341E-001   2.876E-002   6.235E-001   1.869E-002   5.151E-006   4.299E-014   2.295E-018   2.149E-018   1.206E-018   3.905E-018   2.927E-018   3.338E-035   1.666E-053
 4.40   2.112E-004   1.346E-001   2.183E-001   3.520E-002   5.952E-001   1.652E-002   3.865E-006   1.942E-014   8.942E-019   9.104E-019   5.108E-019   1.732E-018   1.136E-018   9.433E-036   3.386E-054
 4.35   3.938E-004   1.768E-001   2.006E-001   4.383E-002   5.640E-001   1.434E-002   2.787E-006   7.878E-015   3.116E-019   3.456E-019   1.939E-019   6.893E-019   3.863E-019   2.241E-036   5.536E-055
 4.30   7.418E-004   2.198E-001   1.848E-001   5.533E-002   5.272E-001   1.202E-002   1.864E-006   2.601E-015   8.792E-020   1.060E-019   5.961E-020   2.219E-019   1.021E-019   3.792E-037   5.849E-056
 4.25   1.466E-003   2.643E-001   1.731E-001   7.008E-002   4.816E-001   9.503E-003   1.097E-006   6.121E-016   1.745E-020   2.270E-020   1.274E-020   4.973E-020   1.794E-020   3.800E-038   3.311E-057
 4.20   3.120E-003   3.130E-001   1.666E-001   8.733E-002   4.231E-001   6.807E-003   5.210E-007   8.176E-017   1.861E-021   2.609E-021   1.470E-021   6.018E-021   1.578E-021   1.530E-039   6.022E-059
 4.15   7.191E-003   3.708E-001   1.660E-001   1.032E-001   3.486E-001   4.145E-003   1.747E-007   4.421E-018   7.263E-023   1.092E-022   6.204E-023   2.658E-022   4.622E-023   1.559E-041   2.354E-061
 4.10   1.778E-002   4.432E-001   1.692E-001   1.090E-001   2.588E-001   1.945E-003   3.377E-008   6.216E-020   6.411E-025   1.033E-024   5.970E-025   2.666E-024   2.851E-025   3.037E-044   1.800E-064
 4.05   4.547E-002   5.295E-001   1.659E-001   9.495E-002   1.636E-001   6.118E-004   2.844E-009   1.109E-022   5.878E-028   1.008E-027   5.952E-028   2.742E-027   1.368E-028   2.256E-048   8.477E-069
 4.00   1.097E-001   6.070E-001   1.386E-001   6.233E-002   8.237E-002   1.094E-004   7.830E-011   4.138E-026   9.020E-032   1.646E-031   1.000E-031   4.679E-031   5.794E-034  -1.165E-052   5.255E-074
 3.95   2.264E-001   6.272E-001   8.647E-002   2.884E-002   3.107E-002   9.488E-006   5.129E-013   7.411E-031   1.513E-036   2.932E-036   1.854E-036   8.740E-036   1.160E-038  -6.680E-058  -2.924E-079
 3.90   3.846E-001   5.612E-001   3.672E-002   9.115E-003   8.395E-003   3.679E-007   1.656E-015  -3.946E-035  -4.695E-041  -9.676E-041  -6.402E-041  -2.980E-040   1.197E-043  -2.241E-062  -4.243E-084
 3.85   5.512E-001   4.353E-001   9.998E-003   1.940E-003   1.558E-003   5.521E-009   7.268E-019  -1.657E-039  -1.990E-045  -4.354E-045  -3.011E-045  -1.357E-044   4.208E-048  -7.622E-068   2.476E-089
 3.80   6.980E-001   2.999E-001   1.631E-003   2.681E-004   1.874E-004   3.208E-011  -1.760E-023  -9.907E-044  -1.069E-049  -2.484E-049  -1.796E-049  -7.703E-049   1.366E-052  -1.704E-074  -1.468E-094
 3.75   8.125E-001   1.873E-001   1.442E-004   2.230E-005   1.330E-005   4.509E-014  -8.492E-028   8.952E-049   8.151E-055   2.014E-054   1.523E-054   6.117E-054  -3.309E-058  -1.492E-080  -9.041E-101
 3.70   8.936E-001   1.064E-001   6.102E-006   1.001E-006   4.966E-007   2.655E-017   4.906E-032  -5.779E-055  -8.259E-061  -2.172E-060  -1.717E-060  -6.370E-060   6.420E-064   1.009E-086   6.515E-108
 3.65   9.452E-001   5.485E-002   1.133E-007   2.218E-008   8.803E-009  -1.250E-021   2.918E-036   5.033E-060   6.758E-066   1.896E-065   1.569E-065   5.325E-065  -2.345E-069  -2.337E-093   1.263E-114
 3.60   9.736E-001   2.639E-002   1.128E-009   2.815E-010   8.653E-011   2.380E-025  -8.418E-042  -1.092E-065  -1.462E-071  -4.371E-071  -3.778E-071  -1.162E-070   4.451E-075   1.370E-099  -1.240E-121
 3.55   9.868E-001   1.321E-002   7.437E-012   2.568E-012   5.156E-013   3.044E-029  -6.068E-047  -6.671E-073  -7.962E-079  -2.535E-078  -2.287E-078  -6.328E-078   8.388E-082   1.177E-106  -3.130E-129
 3.50   9.920E-001   7.961E-003   1.494E-013   6.930E-014   9.366E-015  -1.033E-031  -3.308E-050   2.780E-078   2.345E-084   8.114E-084   8.381E-084   2.210E-083  -1.498E-086  -2.018E-111   3.592E-134
 3.45   9.941E-001   5.914E-003   1.525E-014   8.699E-015   8.987E-016   3.917E-033   6.820E-052   6.972E-084  -3.535E-088  -1.145E-087  -5.751E-088   9.874E-089  -8.930E-090  -1.701E-114   2.746E-137
 3.40   9.950E-001   4.994E-003   4.329E-015   2.904E-015   2.514E-016   1.397E-035  -3.200E-053  -8.034E-086  -2.233E-090  -7.496E-090  -4.041E-090  -7.638E-091   4.812E-092  -1.606E-117   1.049E-139
 3.35   9.955E-001   4.471E-003   1.852E-015   1.460E-015   1.089E-016   1.556E-036   4.803E-055   2.436E-087   9.915E-093   3.613E-092   2.439E-092   2.061E-092  -1.144E-093   2.452E-119  -1.027E-141
 3.30   9.959E-001   4.106E-003   9.325E-016   8.733E-016   5.642E-017   2.958E-037   8.605E-057  -1.249E-088  -2.627E-094  -1.011E-093  -9.103E-094  -1.018E-093   5.409E-095  -9.437E-121   3.146E-143
 3.25   9.962E-001   3.819E-003   5.066E-016   5.705E-016   3.180E-017   7.158E-038   3.978E-058   8.785E-090   1.651E-095   6.559E-095   6.692E-095   7.622E-095  -4.132E-096   6.968E-122  -2.144E-144
 3.20   9.964E-001   3.579E-003   2.883E-016   3.942E-016   1.884E-017   1.998E-038   2.831E-059  -6.296E-091  -1.254E-096  -5.092E-096  -5.719E-096  -6.498E-096   3.696E-097  -6.428E-123   1.906E-145
 3.15   9.966E-001   3.373E-003   1.703E-016   2.840E-016   1.156E-017   6.193E-039   2.718E-060   3.589E-092   9.029E-098   3.717E-097   4.496E-097   5.356E-097  -3.261E-098   6.126E-124  -1.797E-146
 3.10   9.968E-001   3.192E-003   1.040E-016   2.114E-016   7.292E-018   2.087E-039   3.245E-061  -1.199E-093  -5.262E-099  -2.165E-098  -2.628E-098  -3.982E-098   2.644E-099  -5.620E-125   1.668E-147
 3.05   9.970E-001   3.032E-003   6.558E-017   1.617E-016   4.706E-018   7.534E-040   4.563E-062   4.291E-096   1.736E-100   6.672E-100   3.833E-100   2.549E-099  -1.880E-100   4.772E-126  -1.469E-148
 3.00   9.971E-001   2.888E-003   4.264E-017   1.263E-016   3.094E-018   2.880E-040   7.265E-063   1.325E-097   6.079E-102   3.471E-101   1.391E-100  -1.353E-100   1.127E-101  -3.653E-127   1.197E-149
 2.95   9.972E-001   2.758E-003   2.857E-017   1.003E-016   2.066E-018   1.155E-040   1.272E-063   8.975E-099  -1.261E-102  -6.238E-102  -1.876E-101   5.772E-102  -5.494E-103   2.476E-128  -8.912E-151
 2.90   9.974E-001   2.638E-003   1.968E-017   8.076E-017   1.397E-018   4.814E-041   2.389E-064   9.389E-100   7.346E-104   3.686E-103   1.196E-102  -1.932E-103   2.097E-104  -1.469E-129   6.014E-152
 2.85   9.975E-001   2.528E-003   1.391E-017   6.561E-017   9.548E-019   2.072E-041   4.729E-065   1.330E-100  -9.792E-106  -6.225E-105  -3.702E-104   4.997E-105  -6.030E-106   7.599E-131  -3.680E-153
 2.80   9.976E-001   2.425E-003   1.005E-017   5.365E-017   6.577E-019   9.149E-042   9.692E-066   2.295E-101  -1.162E-106  -4.437E-106   5.283E-106  -1.128E-106   1.424E-107  -3.731E-132   2.224E-154
 2.75   9.977E-001   2.329E-003   7.398E-018   4.406E-017   4.557E-019   4.121E-042   2.026E-066   4.542E-102   1.221E-107   4.972E-107  -1.004E-107   2.661E-108  -3.347E-109   1.954E-133  -1.475E-155
 2.70   9.978E-001   2.239E-003   5.523E-018   3.626E-017   3.171E-019   1.885E-042   4.288E-067   9.869E-103  -1.058E-108  -4.363E-108   2.250E-109  -6.022E-110   7.451E-111  -1.040E-134   1.015E-156
 2.65   9.978E-001   2.153E-003   4.166E-018   2.987E-017   2.211E-019   8.717E-043   9.137E-068   2.273E-103   8.387E-110   3.473E-109  -4.357E-111   1.245E-111  -1.511E-112   5.426E-136  -6.938E-158
 2.60   9.979E-001   2.071E-003   3.165E-018   2.459E-017   1.541E-019   4.064E-043   1.951E-068   5.400E-104  -5.757E-111  -2.383E-110   8.542E-113  -2.250E-113   2.675E-114  -2.675E-137   4.513E-159
 2.55   9.980E-001   1.992E-003   2.416E-018   2.021E-017   1.073E-019   1.903E-043   4.161E-069   1.295E-104   3.097E-112   1.276E-111  -1.109E-114   3.316E-115  -3.862E-116   1.187E-138  -2.642E-160
 2.50   9.981E-001   1.916E-003   1.850E-018   1.656E-017   7.438E-020   8.920E-044   8.799E-070   3.071E-105  -1.291E-113  -5.364E-113   2.330E-116  -5.359E-117   6.147E-118  -5.315E-140   1.528E-161
 2.45   9.982E-001   1.842E-003   1.420E-018   1.352E-017   5.127E-020   4.173E-044   1.832E-070   7.078E-106   3.536E-115   1.780E-114  -4.090E-118   1.238E-118  -1.402E-119   2.738E-141  -9.817E-163
 2.40   9.982E-001   1.770E-003   1.090E-018   1.098E-017   3.507E-020   1.941E-044   3.741E-071   1.562E-106   5.140E-117  -4.047E-116   1.587E-119  -3.946E-120   4.416E-121  -1.636E-142   7.058E-164
 2.35   9.983E-001   1.700E-003   8.379E-019   8.866E-018   2.374E-020   8.942E-045   7.474E-072   3.252E-107  -1.716E-117   5.188E-118  -6.499E-121   1.653E-121  -1.829E-122   1.126E-143  -5.652E-165
 2.30   9.984E-001   1.630E-003   6.438E-019   7.102E-018   1.586E-020   4.061E-045   1.459E-072   6.297E-108   1.829E-118  -3.172E-120   3.433E-122  -8.620E-123   9.439E-124  -8.732E-145   4.956E-166
 2.25   9.984E-001   1.561E-003   4.943E-019   5.636E-018   1.043E-020   1.808E-045   2.783E-073   1.116E-108  -1.587E-119   1.692E-122  -2.131E-123   5.278E-124  -5.722E-125   7.377E-146  -4.608E-167
 2.20   9.985E-001   1.493E-003   3.789E-019   4.425E-018   6.734E-021   7.845E-046   5.184E-074   1.784E-109   1.025E-120  -3.989E-124   1.450E-124  -3.544E-125   3.804E-126  -6.436E-147   4.313E-168
 2.15   9.986E-001   1.424E-003   2.897E-019   3.429E-018   4.252E-021   3.295E-046   9.445E-075   2.540E-110  -3.420E-122   2.233E-125  -9.873E-126   2.380E-126  -2.531E-127   5.330E-148  -3.722E-169
 2.10   9.986E-001   1.356E-003   2.208E-019   2.619E-018   2.618E-021   1.329E-046   1.684E-075   3.204E-111   1.269E-124  -1.259E-126   5.797E-127  -1.379E-127   1.453E-128  -3.591E-149   2.496E-170
 2.05   9.987E-001   1.287E-003   1.675E-019   1.966E-018   1.565E-021   5.108E-047   2.901E-076   3.502E-112   1.326E-126   5.983E-128  -2.781E-128   6.538E-129  -6.839E-130   1.809E-150  -1.151E-171
 2.00   9.988E-001   1.218E-003   1.265E-019   1.449E-018   9.052E-022   1.849E-047   4.689E-077   3.103E-113   1.410E-128  -3.013E-129   1.402E-129  -3.269E-130   3.402E-131  -8.921E-152   4.941E-173
 1.95   9.989E-001   1.148E-003   9.506E-020   1.045E-018   5.048E-022   6.256E-048   7.042E-078   2.181E-114  -1.837E-130   1.458E-130  -6.793E-131   1.576E-131  -1.635E-132   3.975E-153  -1.822E-174
 1.90   9.989E-001   1.079E-003   7.103E-020   7.365E-019   2.706E-022   1.965E-048   9.760E-079   1.218E-115   7.362E-132  -5.888E-132   2.754E-132  -6.382E-133   6.621E-134  -1.387E-154   4.947E-176
 1.85   9.990E-001   1.009E-003   5.283E-020   5.064E-019   1.390E-022   5.692E-049   1.224E-079   5.264E-117  -2.203E-133   1.784E-133  -8.427E-134   1.968E-134  -2.051E-135   3.293E-156  -8.120E-178
 1.80   9.991E-001   9.396E-004   3.953E-020   3.407E-019   6.901E-023   1.541E-049   1.306E-080   6.252E-119   2.243E-134  -1.820E-134   8.589E-135  -1.994E-135   2.073E-136  -3.276E-157   7.493E-179
 1.75   9.991E-001   8.711E-004   2.937E-020   2.232E-019   3.274E-023   3.818E-050   1.231E-081   4.088E-121  -1.628E-135   1.328E-135  -6.296E-136   1.464E-136  -1.523E-137   2.179E-158  -4.281E-180
 1.70   9.992E-001   8.038E-004   2.187E-020   1.422E-019   1.481E-023   8.572E-051   9.603E-083  -1.761E-123   1.007E-136  -8.290E-137   3.970E-137  -9.321E-138   9.747E-139  -1.176E-159   1.853E-181
 1.65   9.993E-001   7.382E-004   1.637E-020   8.805E-020   6.380E-024   1.733E-051   5.899E-084   2.768E-125  -5.851E-138   4.881E-138  -2.375E-138   5.671E-139  -5.982E-140   5.839E-161  -7.120E-183
 1.60   9.993E-001   6.745E-004   1.233E-020   5.299E-020   2.617E-024   3.150E-052   2.753E-085  -6.863E-127   3.159E-139  -2.679E-139   1.334E-139  -3.267E-140   3.490E-141  -2.662E-162   2.431E-184
 1.55   9.994E-001   6.133E-004   9.382E-021   3.097E-020   1.021E-024   5.123E-053   9.202E-087   2.210E-128  -1.575E-140   1.363E-140  -7.000E-141   1.777E-141  -1.931E-142   1.117E-163  -7.429E-186
 1.50   9.994E-001   5.546E-004   7.214E-021   1.755E-020   3.781E-025   7.402E-054   1.957E-088  -8.520E-130   7.242E-142  -6.398E-142   3.426E-142  -9.138E-143   1.015E-143  -4.339E-165   2.054E-187
 1.45   9.995E-001   4.986E-004   5.604E-021   9.628E-021   1.324E-025   9.382E-055   1.917E-090   3.768E-131  -3.074E-143   2.758E-143  -1.560E-143   4.454E-144  -5.088E-145   1.571E-166  -5.181E-189
 1.40   9.996E-001   4.455E-004   4.385E-021   5.096E-021   4.364E-026   1.024E-055  -2.346E-093  -1.862E-132   1.212E-144  -1.077E-144   6.551E-145  -2.056E-145   2.431E-146  -5.304E-168   1.196E-190
 1.35   9.996E-001   3.952E-004   3.436E-021   2.594E-021   1.343E-026   9.352E-057   2.774E-095   1.006E-133  -4.531E-146   3.708E-146  -2.480E-146   8.914E-147  -1.101E-147   1.659E-169  -2.501E-192
 1.30   9.997E-001   3.479E-004   2.672E-021   1.264E-021   3.831E-027   6.893E-058  -6.043E-097  -5.817E-135   1.721E-147  -1.070E-147   8.043E-148  -3.570E-148   4.664E-149  -4.715E-171   4.617E-194
 1.25   9.997E-001   3.037E-004   2.041E-021   5.867E-022   1.004E-027   3.896E-059   1.854E-098   3.514E-136  -7.474E-149   2.431E-149  -1.986E-149   1.286E-149  -1.807E-150   1.185E-172  -7.247E-196
 1.20   9.997E-001   2.627E-004   1.516E-021   2.585E-022   2.395E-028   1.574E-060  -7.061E-100  -2.165E-137   3.839E-150  -4.998E-151   2.258E-151  -4.048E-151   6.276E-152  -2.561E-174   9.304E-198
 1.15   9.998E-001   2.250E-004   1.086E-021   1.078E-022   5.169E-029   4.055E-062   3.106E-101   1.335E-138  -2.035E-151   2.298E-152   9.639E-153   1.088E-152  -1.933E-153   4.703E-176  -9.588E-200
 1.10   9.998E-001   1.907E-004   7.459E-022   4.238E-023   1.002E-029   5.069E-064  -1.520E-102  -8.196E-140   9.635E-153  -1.866E-153  -7.819E-154  -2.470E-154   5.333E-155  -7.443E-178   8.064E-202
 1.05   9.998E-001   1.598E-004   4.908E-022   1.567E-023   1.733E-030   1.281E-067   8.131E-104   5.044E-141  -3.771E-154   1.271E-154   3.406E-155   4.662E-156  -1.357E-156   1.056E-179  -5.837E-204
 1.00   9.999E-001   1.323E-004   3.091E-022   5.422E-024   2.635E-031  -1.462E-069  -4.719E-105  -3.136E-142   1.095E-155  -7.023E-156  -1.174E-156  -6.675E-158   3.284E-158  -1.404E-181   3.893E-206
 0.95   9.999E-001   1.081E-004   1.851E-022   1.697E-024   3.204E-032   3.465E-071   2.427E-106   1.358E-143   1.683E-157   1.603E-157   8.676E-159  -7.023E-160  -9.331E-161  -4.941E-184   2.395E-208
