 9.00   1.110E-016  -1.236E-016   7.224E-017  -3.318E-017   0.000E+000  -3.112E-018   7.456E-017   1.405E-017   1.031E-016   3.185E-012   5.756E-008   3.526E-004   9.996E-001
 8.95   1.255E-065   2.901E-060   1.926E-052   2.718E-045   1.121E-038   1.180E-032   5.077E-027   1.033E-021   1.120E-016   5.061E-012   8.023E-008   4.136E-004   9.996E-001
 8.90   8.677E-068   1.279E-059   7.504E-052   9.338E-045   3.391E-038   3.139E-032   1.187E-026   2.124E-021   2.024E-016   8.020E-012   1.116E-007   4.844E-004   9.995E-001
 8.85   4.303E-067   5.598E-059   2.918E-051   3.201E-044   1.023E-037   8.322E-032   2.767E-026   4.353E-021   3.645E-016   1.267E-011   1.547E-007   5.663E-004   9.994E-001
 8.80   2.126E-066   2.440E-058   1.130E-050   1.093E-043   3.076E-037   2.200E-031   6.429E-026   8.890E-021   6.544E-016   1.996E-011   2.137E-007   6.606E-004   9.993E-001
 8.75   1.047E-065   1.061E-057   4.366E-050   3.722E-043   9.220E-037   5.796E-031   1.490E-025   1.811E-020   1.171E-015   3.133E-011   2.942E-007   7.689E-004   9.992E-001
 8.70   5.141E-065   4.597E-057   1.683E-049   1.264E-042   2.756E-036   1.522E-030   3.439E-025   3.673E-020   2.087E-015   4.898E-011   4.034E-007   8.933E-004   9.991E-001
 8.65   2.524E-064   1.992E-056   6.485E-049   4.292E-042   8.236E-036   3.999E-030   7.937E-025   7.446E-020   3.717E-015   7.646E-011   5.517E-007   1.036E-003   9.990E-001
 8.60   1.238E-063   8.620E-056   2.496E-048   1.455E-041   2.457E-035   1.048E-029   1.827E-024   1.505E-019   6.597E-015   1.189E-010   7.523E-007   1.200E-003   9.988E-001
 8.55   6.080E-063   3.736E-055   9.622E-048   4.939E-041   7.336E-035   2.749E-029   4.205E-024   3.041E-019   1.170E-014   1.848E-010   1.023E-006   1.388E-003   9.986E-001
 8.50   2.987E-062   1.620E-054   3.717E-047   1.679E-040   2.194E-034   7.218E-029   9.696E-024   6.151E-019   2.076E-014   2.870E-010   1.390E-006   1.603E-003   9.984E-001
 8.45   1.472E-061   7.046E-054   1.438E-046   5.717E-040   6.565E-034   1.896E-028   2.234E-023   1.243E-018   3.680E-014   4.450E-010   1.886E-006   1.851E-003   9.981E-001
 8.40   7.274E-061   3.071E-053   5.579E-046   1.952E-039   1.970E-033   4.992E-028   5.160E-023   2.516E-018   6.530E-014   6.906E-010   2.558E-006   2.136E-003   9.979E-001
 8.35   3.608E-060   1.345E-052   2.174E-045   6.687E-039   5.930E-033   1.318E-027   1.193E-022   5.095E-018   1.158E-013   1.071E-009   3.465E-006   2.463E-003   9.975E-001
 8.30   1.800E-059   5.919E-052   8.513E-045   2.301E-038   1.792E-032   3.490E-027   2.770E-022   1.035E-017   2.060E-013   1.663E-009   4.698E-006   2.841E-003   9.972E-001
 8.25   9.027E-059   2.620E-051   3.353E-044   7.963E-038   5.444E-032   9.289E-027   6.451E-022   2.107E-017   3.670E-013   2.586E-009   6.373E-006   3.277E-003   9.967E-001
 8.20   4.548E-058   1.165E-050   1.327E-043   2.766E-037   1.659E-031   2.479E-026   1.506E-021   4.301E-017   6.551E-013   4.027E-009   8.654E-006   3.782E-003   9.962E-001
 8.15   2.307E-057   5.215E-050   5.285E-043   9.671E-037   5.086E-031   6.650E-026   3.533E-021   8.809E-017   1.173E-012   6.285E-009   1.178E-005   4.369E-003   9.956E-001
 8.10   1.182E-056   2.357E-049   2.125E-042   3.410E-036   1.571E-030   1.797E-025   8.337E-021   1.812E-016   2.106E-012   9.836E-009   1.606E-005   5.053E-003   9.949E-001
 8.05   6.109E-056   1.075E-048   8.612E-042   1.211E-035   4.885E-030   4.881E-025   1.977E-020   3.745E-016   3.799E-012   1.545E-008   2.198E-005   5.853E-003   9.941E-001
 8.00   3.188E-055   4.947E-048   3.525E-041   4.339E-035   1.532E-029   1.337E-024   4.719E-020   7.783E-016   6.883E-012   2.437E-008   3.019E-005   6.795E-003   9.932E-001
 7.95   1.681E-054   2.302E-047   1.457E-040   1.571E-034   4.849E-029   3.692E-024   1.136E-019   1.628E-015   1.255E-011   3.865E-008   4.167E-005   7.911E-003   9.920E-001
 7.90   8.985E-054   1.085E-046   6.100E-040   5.750E-034   1.550E-028   1.028E-023   2.752E-019   3.427E-015   2.299E-011   6.157E-008   5.778E-005   9.231E-003   9.907E-001
 7.85   4.859E-053   5.176E-046   2.584E-039   2.128E-033   5.007E-028   2.893E-023   6.731E-019   7.271E-015   4.243E-011   9.878E-008   8.068E-005   1.082E-002   9.891E-001
 7.80   2.663E-052   2.502E-045   1.108E-038   7.970E-033   1.635E-027   8.219E-023   1.660E-018   1.554E-014   7.885E-011   1.594E-007   1.134E-004   1.272E-002   9.872E-001
 7.75   1.484E-051   1.229E-044   4.828E-038   3.026E-032   5.407E-027   2.362E-022   4.140E-018   3.354E-014   1.477E-010   2.594E-007   1.605E-004   1.501E-002   9.848E-001
 7.70   8.411E-051   6.146E-044   2.138E-037   1.168E-031   1.815E-026   6.884E-022   1.045E-017   7.311E-014   2.793E-010   4.258E-007   2.294E-004   1.783E-002   9.819E-001
 7.65   4.843E-050   3.121E-043   9.613E-037   4.569E-031   6.172E-026   2.029E-021   2.665E-017   1.609E-013   5.326E-010   7.045E-007   3.308E-004   2.127E-002   9.784E-001
 7.60   2.846E-049   1.616E-042   4.404E-036   1.820E-030   2.134E-025   6.075E-021   6.891E-017   3.585E-013   1.027E-009   1.179E-006   4.826E-004   2.556E-002   9.740E-001
 7.55   1.705E-048   8.539E-042   2.058E-035   7.380E-030   7.501E-025   1.847E-020   1.808E-016   8.082E-013   2.003E-009   1.993E-006   7.119E-004   3.092E-002   9.684E-001
 7.50   1.044E-047   4.605E-041   9.801E-035   3.046E-029   2.681E-024   5.701E-020   4.804E-016   1.845E-012   3.947E-009   3.405E-006   1.063E-003   3.766E-002   9.613E-001
 7.45   6.539E-047   2.542E-040   4.776E-034   1.284E-028   9.766E-024   1.790E-019   1.297E-015   4.267E-012   7.872E-009   5.886E-006   1.610E-003   4.625E-002   9.521E-001
 7.40   4.193E-046   1.437E-039   2.380E-033   5.529E-028   3.630E-023   5.728E-019   3.562E-015   1.002E-011   1.591E-008   1.031E-005   2.474E-003   5.727E-002   9.402E-001
 7.35   2.760E-045   8.331E-039   1.216E-032   2.436E-027   1.378E-022   1.868E-018   9.952E-015   2.388E-011   3.259E-008   1.829E-005   3.859E-003   7.151E-002   9.246E-001
 7.30   1.862E-044   4.948E-038   6.352E-032   1.096E-026   5.330E-022   6.200E-018   2.823E-014   5.766E-011   6.752E-008   3.282E-005   6.111E-003   8.999E-002   9.039E-001
 7.25   1.290E-043   3.019E-037   3.408E-031   5.053E-026   2.110E-021   2.102E-017   8.162E-014   1.415E-010   1.418E-007   5.966E-005   9.833E-003   1.141E-001   8.760E-001
 7.20   9.181E-043   1.891E-036   1.875E-030   2.384E-025   8.529E-021   7.256E-017   2.398E-013   3.521E-010   3.012E-007   1.096E-004   1.606E-002   1.454E-001   8.384E-001
 7.15   6.710E-042   1.217E-035   1.058E-029   1.151E-024   3.521E-020   2.553E-016   7.163E-013   8.874E-010   6.462E-007   2.030E-004   2.655E-002   1.854E-001   7.878E-001
 7.10   4.988E-041   7.957E-035   6.065E-029   5.635E-024   1.469E-019   9.061E-016   2.152E-012   2.244E-009   1.386E-006   3.755E-004   4.410E-002   2.351E-001   7.205E-001
 7.05   3.775E-040   5.297E-034   3.533E-028   2.796E-023   6.204E-019   3.245E-015   6.506E-012   5.684E-009   2.967E-006   6.915E-004   7.327E-002   2.936E-001   6.324E-001
 7.00   2.866E-039   3.537E-033   2.062E-027   1.387E-022   2.613E-018   1.156E-014   1.951E-011   1.423E-008   6.251E-006   1.249E-003   1.201E-001   3.556E-001   5.231E-001
 6.95   2.151E-038   2.333E-032   1.187E-026   6.765E-022   1.079E-017   4.025E-014   5.693E-011   3.455E-008   1.270E-005   2.169E-003   1.904E-001   4.084E-001   3.990E-001
 6.90   1.564E-037   1.491E-031   6.611E-026   3.182E-021   4.285E-017   1.344E-013   1.588E-010   7.979E-008   2.443E-005   3.546E-003   2.859E-001   4.356E-001   2.749E-001
 6.85   1.097E-036   9.184E-031   3.544E-025   1.437E-020   1.628E-016   4.277E-013   4.204E-010   1.740E-007   4.408E-005   5.401E-003   4.020E-001   4.256E-001   1.670E-001
 6.80   7.419E-036   5.455E-030   1.830E-024   6.232E-020   5.920E-016   1.298E-012   1.057E-009   3.588E-007   7.466E-005   7.658E-003   5.290E-001   3.763E-001   8.702E-002
 6.75   4.917E-035   3.172E-029   9.235E-024   2.634E-019   2.088E-015   3.805E-012   2.554E-009   7.068E-007   1.199E-004   1.019E-002   6.542E-001   2.975E-001   3.799E-002
 6.70   3.231E-034   1.828E-028   4.609E-023   1.096E-018   7.224E-015   1.089E-011   5.998E-009   1.345E-006   1.843E-004   1.283E-002   7.654E-001   2.079E-001   1.371E-002
 6.65   2.129E-033   1.055E-027   2.302E-022   4.549E-018   2.483E-014   3.084E-011   1.386E-008   2.503E-006   2.743E-004   1.543E-002   8.510E-001   1.291E-001   4.189E-003
 6.60   1.440E-032   6.250E-027   1.178E-021   1.927E-017   8.674E-014   8.823E-011   3.215E-008   4.644E-006   4.027E-004   1.803E-002   9.076E-001   7.281E-002   1.127E-003
 6.55   1.025E-031   3.890E-026   6.332E-021   8.538E-017   3.153E-013   2.613E-010   7.672E-008   8.795E-006   5.965E-004   2.089E-002   9.399E-001   3.834E-002   2.795E-004
 6.50   7.879E-031   2.613E-025   3.668E-020   4.058E-016   1.223E-012   8.205E-010   1.927E-007   1.737E-005   9.092E-004   2.446E-002   9.552E-001   1.934E-002   6.499E-005
 6.45   6.651E-030   1.926E-024   2.329E-019   2.108E-015   5.155E-012   2.783E-009   5.191E-007   3.645E-005   1.451E-003   2.943E-002   9.598E-001   9.316E-003   1.337E-005
 6.40   6.309E-029   1.592E-023   1.659E-018   1.221E-014   2.408E-011   1.038E-008   1.524E-006   8.243E-005   2.456E-003   3.675E-002   9.567E-001   4.051E-003   2.157E-006
 6.35   6.744E-028   1.482E-022   1.330E-017   7.923E-014   1.253E-010   4.280E-008   4.899E-006   2.015E-004   4.420E-003   4.778E-002   9.461E-001   1.503E-003   2.444E-007
 6.30   8.136E-027   1.556E-021   1.203E-016   5.772E-013   7.269E-010   1.951E-007   1.724E-005   5.326E-004   8.447E-003   6.447E-002   9.261E-001   4.541E-004   1.798E-008
 6.25   1.116E-025   1.853E-020   1.233E-015   4.742E-012   4.719E-009   9.852E-007   6.649E-005   1.520E-003   1.706E-002   8.958E-002   8.917E-001   1.093E-004   8.950E-010
 6.20   1.727E-024   2.486E-019   1.423E-014   4.360E-011   3.401E-008   5.465E-006   2.778E-004   4.621E-003   3.591E-002   1.261E-001   8.331E-001   2.178E-005   3.950E-011
 6.15   2.939E-023   3.663E-018   1.803E-013   4.375E-010   2.652E-007   3.239E-005   1.222E-003   1.452E-002   7.605E-002   1.736E-001   7.346E-001   3.698E-006   1.839E-012
 6.10   5.085E-022   5.474E-017   2.318E-012   4.427E-009   2.069E-006   1.896E-004   5.231E-003   4.346E-002   1.497E-001   2.171E-001   5.843E-001   5.436E-007   9.055E-014
 6.05   8.246E-021   7.659E-016   2.792E-011   4.170E-008   1.487E-005   1.007E-003   1.994E-002   1.131E-001   2.490E-001   2.228E-001   3.941E-001   7.308E-008   4.571E-015
 6.00   1.151E-019   9.201E-015   2.897E-010   3.358E-007   9.026E-005   4.444E-003   6.185E-002   2.332E-001   3.170E-001   1.685E-001   2.149E-001   9.941E-009   2.490E-016
 5.95   1.324E-018   9.103E-014   2.485E-009   2.218E-006   4.438E-004   1.557E-002   1.488E-001   3.619E-001   2.905E-001   8.766E-002   9.520E-002   1.442E-009   1.518E-017
 5.90   1.262E-017   7.436E-013   1.771E-008   1.207E-005   1.777E-003   4.347E-002   2.782E-001   4.206E-001   1.890E-001   3.114E-002   3.583E-002   2.184E-010   9.973E-019
 5.85   1.034E-016   5.213E-012   1.090E-007   5.621E-005   5.992E-003   9.970E-002   4.143E-001   3.717E-001   8.821E-002   7.886E-003   1.214E-002   3.336E-011   6.694E-020
 5.80   7.534E-016   3.245E-011   5.996E-007   2.316E-004   1.754E-002   1.932E-001   5.012E-001   2.524E-001   2.992E-002   1.594E-003   3.919E-003   5.116E-012   4.568E-021
 5.75   4.933E-015   1.810E-010   2.981E-006   8.530E-004   4.508E-002   3.193E-001   4.937E-001   1.320E-001   7.462E-003   3.197E-004   1.259E-003   8.070E-013   3.279E-022
 5.70   2.935E-014   9.158E-010   1.358E-005   2.839E-003   1.024E-001   4.490E-001   3.913E-001   5.267E-002   1.365E-003   7.863E-005   4.094E-004   1.327E-013   2.520E-023
 5.65   1.572E-013   4.154E-009   5.609E-005   8.447E-003   2.032E-001   5.269E-001   2.452E-001   1.582E-002   1.860E-004   2.351E-005   1.347E-004   2.254E-014   2.049E-024
 5.60   7.515E-013   1.678E-008   2.090E-004   2.232E-002   3.485E-001   5.059E-001   1.195E-001   3.539E-003   2.094E-005   7.775E-006   4.588E-005   4.100E-015   1.852E-025
 5.55   3.194E-012   6.005E-008   6.999E-004   5.214E-002   5.095E-001   3.919E-001   4.512E-002   5.895E-004   3.163E-006   2.932E-006   1.757E-005   9.077E-016   2.225E-026
 5.50   1.204E-011   1.900E-007   2.103E-003   1.074E-001   6.303E-001   2.463E-001   1.391E-002   7.937E-005   1.100E-006   1.344E-006   8.136E-006   2.733E-016   4.145E-027
 5.45   4.058E-011   5.348E-007   5.708E-003   1.955E-001   6.639E-001   1.310E-001   3.907E-003   1.035E-005   6.030E-007   7.361E-007   4.481E-006   1.085E-016   1.142E-027
 5.40   1.208E-010   1.324E-006   1.387E-002   3.118E-001   6.104E-001   6.290E-002   1.064E-003   1.693E-006   3.878E-007   4.551E-007   2.767E-006   5.168E-017   4.075E-028
 5.35   3.115E-010   2.828E-006   2.962E-002   4.319E-001   5.101E-001   2.806E-002   2.897E-004   5.546E-007   2.696E-007   3.026E-007   1.823E-006   2.732E-017   1.685E-028
 5.30   6.978E-010   5.221E-006   5.569E-002   5.323E-001   4.002E-001   1.173E-002   8.272E-005   3.333E-007   1.960E-007   2.099E-007   1.242E-006   1.526E-017   7.545E-029
 5.25   1.359E-009   8.337E-006   9.219E-002   6.014E-001   3.017E-001   4.671E-003   2.590E-005   2.442E-007   1.464E-007   1.492E-007   8.593E-007   8.747E-018   3.510E-029
 5.20   2.339E-009   1.170E-005   1.360E-001   6.388E-001   2.233E-001   1.834E-003   9.143E-006   1.878E-007   1.111E-007   1.077E-007   5.969E-007   5.065E-018   1.660E-029
 5.15   3.643E-009   1.476E-005   1.819E-001   6.512E-001   1.662E-001   7.416E-004   3.681E-006   1.471E-007   8.516E-008   7.852E-008   4.145E-007   2.940E-018   7.897E-030
 5.10   5.295E-009   1.729E-005   2.250E-001   6.479E-001   1.268E-001   3.212E-004   1.692E-006   1.164E-007   6.577E-008   5.780E-008   2.871E-007   1.706E-018   3.764E-030
 5.05   7.490E-009   1.956E-005   2.623E-001   6.372E-001   1.003E-001   1.518E-004   8.811E-007   9.255E-008   5.100E-008   4.286E-008   1.981E-007   9.868E-019   1.791E-030
 5.00   1.077E-008   2.234E-005   2.930E-001   6.246E-001   8.237E-002   7.805E-005   5.108E-007   7.361E-008   3.954E-008   3.193E-008   1.357E-007   5.669E-019   8.464E-031
 4.95   1.644E-008   2.684E-005   3.177E-001   6.125E-001   6.978E-002   4.308E-005   3.218E-007   5.812E-008   3.048E-008   2.379E-008   9.199E-008   3.215E-019   3.940E-031
 4.90   2.740E-008   3.491E-005   3.379E-001   6.016E-001   6.052E-002   2.505E-005   2.147E-007   4.516E-008   2.325E-008   1.762E-008   6.137E-008   1.787E-019   1.789E-031
 4.85   5.020E-008   4.949E-005   3.550E-001   5.916E-001   5.329E-002   1.507E-005   1.480E-007   3.422E-008   1.744E-008   1.288E-008   4.008E-008   9.654E-020   7.845E-032
 4.80   1.003E-007   7.569E-005   3.705E-001   5.821E-001   4.730E-002   9.211E-006   1.033E-007   2.505E-008   1.280E-008   9.222E-009   2.546E-008   5.030E-020   3.284E-032
 4.75   2.154E-007   1.233E-004   3.853E-001   5.725E-001   4.204E-002   5.634E-006   7.164E-008   1.757E-008   9.142E-009   6.416E-009   1.565E-008   2.507E-020   1.299E-032
 4.70   4.964E-007   2.126E-004   4.001E-001   5.625E-001   3.723E-002   3.412E-006   4.874E-008   1.175E-008   6.336E-009   4.308E-009   9.272E-009   1.189E-020   4.825E-033
 4.65   1.220E-006   3.864E-004   4.150E-001   5.518E-001   3.276E-002   2.040E-006   3.229E-008   7.520E-009   4.264E-009   2.789E-009   5.304E-009   5.383E-021   1.690E-033
 4.60   3.158E-006   7.291E-004   4.300E-001   5.406E-001   2.866E-002   1.213E-006   2.086E-008   4.654E-009   2.809E-009   1.753E-009   2.961E-009   2.362E-021   5.697E-034
 4.55   8.254E-006   1.370E-003   4.444E-001   5.292E-001   2.500E-002   7.280E-007   1.328E-008   2.839E-009   1.838E-009   1.086E-009   1.642E-009   1.030E-021   1.910E-034
 4.50   2.066E-005   2.430E-003   4.580E-001   5.178E-001   2.181E-002   4.468E-007   8.410E-009   1.734E-009   1.210E-009   6.738E-010   9.178E-010   4.555E-022   6.540E-035
 4.45   4.902E-005   4.015E-003   4.708E-001   5.061E-001   1.898E-002   2.782E-007   5.255E-009   1.055E-009   7.968E-010   4.155E-010   5.116E-010   2.013E-022   2.243E-035
 4.40   1.121E-004   6.254E-003   4.837E-001   4.936E-001   1.634E-002   1.714E-007   3.152E-009   6.244E-010   5.117E-010   2.479E-010   2.752E-010   8.482E-023   7.256E-036
 4.35   2.518E-004   9.339E-003   4.975E-001   4.792E-001   1.375E-002   1.008E-007   1.740E-009   3.458E-010   3.078E-010   1.370E-010   1.356E-010   3.175E-023   2.015E-036
 4.30   5.655E-004   1.360E-002   5.134E-001   4.613E-001   1.110E-002   5.386E-008   8.294E-010   1.689E-010   1.628E-010   6.550E-011   5.673E-011   9.474E-024   4.158E-037
 4.25   1.286E-003   1.957E-002   5.329E-001   4.379E-001   8.354E-003   2.443E-008   3.122E-010   6.655E-011   6.839E-011   2.441E-011   1.805E-011   1.950E-024   5.364E-038
 4.20   2.978E-003   2.810E-002   5.576E-001   4.057E-001   5.598E-003   8.461E-009   8.003E-011   1.790E-011   1.926E-011   5.981E-012   3.632E-012   2.146E-025   3.089E-039
 4.15   6.992E-003   4.034E-002   5.886E-001   3.610E-001   3.104E-003   1.908E-009   1.089E-011   2.490E-012   2.742E-012   7.299E-013   3.481E-013   8.670E-027   5.092E-041
 4.10   1.639E-002   5.752E-002   6.243E-001   3.005E-001   1.274E-003   2.240E-010   5.171E-013   1.161E-013   1.289E-013   2.968E-014   1.057E-014   8.059E-029   1.637E-043
 4.05   3.786E-002   7.945E-002   6.565E-001   2.258E-001   3.316E-004   1.034E-011   4.558E-015   9.960E-016   1.111E-015   2.307E-016   5.619E-017   7.372E-032   2.721E-047
 4.00   8.158E-002   1.033E-001   6.683E-001   1.468E-001   4.586E-005   1.553E-013   7.301E-018   1.598E-018   1.806E-018   3.914E-019   6.350E-020   9.284E-036  -1.706E-051
 3.95   1.532E-001   1.273E-001   6.402E-001   7.926E-002   2.858E-006   5.931E-016   6.388E-022   1.467E-022   1.642E-022   3.577E-023   3.029E-024   1.783E-040  -2.485E-056
 3.90   2.434E-001   1.565E-001   5.656E-001   3.446E-002   7.666E-008   1.656E-018   1.115E-026   5.267E-027   6.477E-027   1.993E-027  -9.370E-029  -3.279E-045  -8.257E-061
 3.85   3.361E-001   1.951E-001   4.571E-001   1.170E-002   7.546E-010   8.481E-022  -1.216E-030  -1.690E-031  -1.862E-031  -4.364E-032   2.934E-034  -1.454E-049  -1.365E-065
 3.80   4.214E-001   2.389E-001   3.367E-001   2.970E-003   2.963E-012   1.515E-025  -3.767E-035  -3.041E-036  -2.228E-036   9.970E-037   1.089E-038  -6.995E-054  -1.612E-070
 3.75   4.985E-001   2.764E-001   2.246E-001   5.273E-004   2.548E-015   8.845E-030   2.770E-040   3.605E-041   3.408E-041   2.452E-043  -1.179E-043   3.770E-059  -2.111E-077
 3.70   5.722E-001   2.940E-001   1.337E-001   6.001E-005   9.788E-019  -6.142E-034  -3.837E-046  -4.845E-047  -4.771E-047  -3.209E-048  -8.053E-049  -6.883E-065   2.779E-083
 3.65   6.463E-001   2.836E-001   7.013E-002   4.061E-006  -8.544E-023   3.156E-038   1.997E-051   2.187E-052   1.911E-052  -4.912E-053   9.546E-054   4.239E-070  -3.542E-089
 3.60   7.176E-001   2.494E-001   3.299E-002   1.759E-007   1.969E-026  -6.747E-042  -5.736E-057  -8.669E-058  -9.342E-058  -9.661E-059   2.298E-059  -9.557E-076   4.060E-095
 3.55   7.752E-001   2.093E-001   1.555E-002   6.948E-009   3.162E-030  -1.044E-045  -3.364E-064   1.153E-065   3.237E-065   3.485E-065  -2.835E-065  -1.517E-082   5.766E-102
 3.50   8.115E-001   1.798E-001   8.719E-003   5.703E-010  -7.704E-033   1.851E-048   2.125E-069  -4.819E-069  -9.747E-069  -1.248E-068  -1.655E-069   1.819E-087  -1.116E-106
 3.45   8.307E-001   1.632E-001   6.106E-003   1.238E-010   2.936E-034  -7.068E-050   1.850E-070   6.591E-071   1.093E-070   9.014E-071   2.972E-072   5.712E-091  -8.916E-110
 3.40   8.410E-001   1.540E-001   4.942E-003   5.145E-011  -4.532E-036   7.602E-053  -5.958E-072  -2.057E-072  -3.569E-072  -2.937E-072  -6.194E-074  -4.854E-093   1.452E-112
 3.35   8.477E-001   1.481E-001   4.279E-003   2.854E-011  -3.193E-037   8.915E-054   2.281E-073   7.597E-074   1.371E-073   1.134E-073   2.215E-075   1.309E-094  -2.772E-114
 3.30   8.527E-001   1.435E-001   3.812E-003   1.786E-011  -4.133E-038   1.879E-054  -9.704E-075  -3.064E-075  -5.741E-075  -4.775E-075  -1.117E-076  -6.479E-096   1.190E-115
 3.25   8.570E-001   1.396E-001   3.443E-003   1.184E-011  -6.755E-039   5.165E-055   4.403E-076   1.294E-076   2.380E-076   2.005E-076   7.034E-078   4.888E-097  -9.024E-117
 3.20   8.608E-001   1.361E-001   3.132E-003   8.109E-012  -1.237E-039   1.656E-055  -1.990E-077  -4.889E-078  -7.378E-078  -6.614E-078  -4.493E-079  -4.207E-098   8.314E-118
 3.15   8.642E-001   1.329E-001   2.865E-003   5.690E-012  -2.438E-040   5.907E-056   1.040E-078   1.547E-079   3.430E-080   8.324E-080   2.441E-080   3.500E-099  -7.768E-119
 3.10   8.674E-001   1.299E-001   2.632E-003   4.068E-012  -5.060E-041   2.279E-056  -8.798E-080  -7.439E-081   8.869E-081   3.948E-081  -9.961E-082  -2.615E-100   6.865E-120
 3.05   8.704E-001   1.272E-001   2.425E-003   2.955E-012  -1.089E-041   9.337E-057   8.690E-081   6.598E-082  -2.676E-082  -1.622E-082   2.560E-083   1.666E-101  -5.509E-121
 3.00   8.732E-001   1.245E-001   2.241E-003   2.176E-012  -2.403E-042   4.012E-057  -7.199E-082  -5.041E-083  -3.938E-084   1.131E-084  -2.659E-085  -8.630E-103   3.900E-122
 2.95   8.759E-001   1.221E-001   2.075E-003   1.621E-012  -5.370E-043   1.790E-057   4.924E-083   3.078E-084   2.353E-085  -1.097E-086  -1.139E-087   3.446E-104  -2.381E-123
 2.90   8.784E-001   1.197E-001   1.925E-003   1.220E-012  -1.203E-043   8.232E-058  -2.877E-084  -1.706E-085  -4.200E-087  -8.789E-088  -2.018E-089  -9.949E-106   1.233E-124
 2.85   8.808E-001   1.174E-001   1.788E-003   9.254E-013  -2.668E-044   3.878E-058   1.414E-085   8.746E-087  -2.073E-088  -6.511E-089  -5.963E-091   1.897E-107  -5.373E-126
 2.80   8.831E-001   1.152E-001   1.662E-003   7.074E-013  -5.787E-045   1.860E-058  -6.154E-087  -4.938E-088  -1.948E-089  -5.201E-090  -2.253E-092  -2.544E-109   2.149E-127
 2.75   8.854E-001   1.131E-001   1.546E-003   5.440E-013  -1.207E-045   9.049E-059   2.440E-088   3.433E-089  -2.130E-090  -4.368E-091  -9.458E-094   3.202E-111  -9.028E-129
 2.70   8.876E-001   1.110E-001   1.438E-003   4.204E-013  -2.390E-046   4.442E-059  -7.791E-090  -2.733E-090  -2.553E-091  -3.829E-092  -4.329E-095  -3.519E-113   3.807E-130
 2.65   8.897E-001   1.090E-001   1.337E-003   3.260E-013  -4.430E-047   2.191E-059   1.188E-092   2.074E-091  -3.278E-092  -3.463E-093  -2.116E-096   3.163E-115  -1.559E-131
 2.60   8.918E-001   1.069E-001   1.243E-003   2.534E-013  -7.573E-048   1.081E-059   7.796E-093  -1.529E-092  -4.422E-093  -3.186E-094  -1.082E-097  -2.124E-117   5.986E-133
 2.55   8.939E-001   1.049E-001   1.155E-003   1.972E-013  -1.175E-048   5.318E-060  -1.773E-093   7.349E-094  -6.143E-094  -2.942E-095  -5.697E-099   8.617E-120  -2.058E-134
 2.50   8.960E-001   1.030E-001   1.072E-003   1.533E-013  -1.607E-049   2.594E-060  -9.840E-095  -4.254E-095  -8.497E-095  -2.618E-096  -2.855E-100  -5.156E-122   7.289E-136
 2.45   8.980E-001   1.010E-001   9.929E-004   1.190E-013  -1.858E-050   1.249E-060  -2.549E-095   6.887E-097  -1.128E-095  -2.140E-097  -1.235E-101   6.755E-124  -3.093E-137
 2.40   9.001E-001   9.895E-002   9.180E-004   9.210E-014  -1.731E-051   5.911E-061  -4.014E-096  -1.952E-097  -1.393E-096  -1.544E-098  -4.219E-103  -1.493E-125   1.578E-138
 2.35   9.022E-001   9.692E-002   8.466E-004   7.091E-014  -1.212E-052   2.734E-061  -7.184E-097  -8.462E-099  -1.547E-097  -9.351E-100  -9.847E-105   4.836E-127  -9.564E-140
 2.30   9.044E-001   9.486E-002   7.784E-004   5.424E-014  -5.711E-054   1.228E-061  -1.239E-097  -1.480E-099  -1.493E-098  -4.457E-101  -1.128E-106  -2.084E-128   6.700E-141
 2.25   9.065E-001   9.275E-002   7.131E-004   4.116E-014  -1.472E-055   5.332E-062  -2.173E-098  -9.141E-101  -1.207E-099  -1.529E-102   4.841E-110   1.100E-129  -5.217E-142
 2.20   9.088E-001   9.059E-002   6.505E-004   3.093E-014  -1.131E-057   2.220E-062  -3.866E-099  -7.940E-102  -7.880E-101  -3.331E-104  -5.231E-112  -6.552E-131   4.267E-143
 2.15   9.110E-001   8.836E-002   5.905E-004   2.298E-014   5.655E-060   8.813E-063  -7.055E-100  -3.667E-103  -4.057E-102  -3.955E-106   9.244E-114   3.987E-132  -3.367E-144
 2.10   9.134E-001   8.606E-002   5.330E-004   1.686E-014  -5.393E-062   3.311E-063  -1.306E-100  -1.915E-104  -1.676E-103  -2.680E-108  -1.710E-115  -2.128E-133   2.206E-145
 2.05   9.159E-001   8.366E-002   4.780E-004   1.218E-014   1.110E-063   1.168E-063  -2.368E-101  -6.141E-106  -5.259E-105  -5.488E-111   3.202E-117   9.508E-135  -1.116E-146
 2.00   9.184E-001   8.118E-002   4.255E-004   8.656E-015   1.358E-064   3.821E-064  -3.980E-102  -1.190E-107  -8.242E-107   5.479E-113  -8.908E-119  -4.595E-136   5.645E-148
 1.95   9.210E-001   7.859E-002   3.757E-004   6.038E-015   4.738E-065   1.152E-064  -6.011E-103  -5.850E-110  -3.072E-109  -9.826E-115   2.903E-120   2.182E-137  -2.633E-149
 1.90   9.238E-001   7.590E-002   3.289E-004   4.126E-015   1.378E-065   3.182E-065  -8.009E-104   1.601E-112   8.576E-112   1.978E-116  -9.105E-122  -8.862E-139   9.834E-151
 1.85   9.266E-001   7.311E-002   2.851E-004   2.758E-015   3.759E-066   7.989E-066  -9.203E-105  -1.189E-114  -5.989E-114  -3.975E-118   2.544E-123   2.811E-140  -2.595E-152
 1.80   9.295E-001   7.023E-002   2.449E-004   1.808E-015   9.846E-067   1.844E-066  -8.368E-106   3.521E-116   3.021E-115   2.757E-119  -2.123E-124  -2.814E-141   2.621E-153
 1.75   9.325E-001   6.726E-002   2.082E-004   1.155E-015   2.350E-067   3.844E-067  -6.421E-107  -1.651E-118  -1.341E-116  -1.593E-120   1.420E-125   2.078E-142  -1.817E-154
 1.70   9.356E-001   6.422E-002   1.752E-004   7.183E-016   5.217E-068   7.124E-068  -3.829E-108  -6.348E-119   6.401E-118   9.189E-122  -9.069E-127  -1.353E-143   1.044E-155
 1.65   9.387E-001   6.113E-002   1.458E-004   4.342E-016   1.068E-068   1.163E-068  -1.648E-109   1.005E-119  -3.420E-119  -5.606E-123   5.910E-128   8.507E-145  -5.580E-157
 1.60   9.419E-001   5.799E-002   1.199E-004   2.548E-016   2.023E-069   1.666E-069  -4.749E-111  -1.246E-120   1.955E-120   3.516E-124  -3.855E-129  -5.114E-146   2.764E-158
 1.55   9.451E-001   5.484E-002   9.760E-005   1.450E-016   3.567E-070   2.078E-070  -7.787E-113   1.322E-121  -1.166E-121  -2.232E-125   2.491E-130   2.928E-147  -1.269E-159
 1.50   9.483E-001   5.167E-002   7.849E-005   7.984E-017   5.895E-071   2.229E-071  -4.062E-115  -1.202E-122   7.159E-123   1.425E-126  -1.588E-131  -1.599E-148   5.429E-161
 1.45   9.514E-001   4.850E-002   6.233E-005   4.244E-017   9.212E-072   2.015E-072   2.108E-117   9.595E-124  -4.492E-124  -9.112E-128   9.989E-133   8.354E-150  -2.174E-162
 1.40   9.546E-001   4.533E-002   4.882E-005   2.171E-017   1.378E-072   1.488E-073  -3.177E-119  -7.007E-125   2.864E-125   5.825E-129  -6.186E-134  -4.173E-151   8.161E-164
 1.35   9.578E-001   4.218E-002   3.766E-005   1.064E-017   2.002E-073   8.536E-075   7.767E-121   4.829E-126  -1.841E-126  -3.699E-130   3.753E-135   1.982E-152  -2.851E-165
 1.30   9.609E-001   3.905E-002   2.857E-005   4.972E-018   2.862E-074   3.517E-076  -2.569E-122  -3.171E-127   1.178E-127   2.308E-131  -2.206E-136  -8.827E-154   9.110E-167
 1.25   9.640E-001   3.595E-002   2.128E-005   2.205E-018   4.010E-075   9.077E-078   1.042E-123   1.964E-128  -7.380E-129  -1.391E-132   1.235E-137   3.614E-155  -2.595E-168
 1.20   9.671E-001   3.289E-002   1.554E-005   9.237E-019   5.376E-076   1.063E-079  -4.840E-125  -1.126E-129   4.437E-130   7.963E-134  -6.469E-139  -1.331E-156   6.421E-170
 1.15   9.701E-001   2.990E-002   1.112E-005   3.641E-019   6.627E-077  -8.187E-083   2.465E-126   5.843E-131  -2.530E-131  -4.279E-135   3.138E-140   4.370E-158  -1.365E-171
 1.10   9.730E-001   2.700E-002   7.778E-006   1.346E-019   7.200E-078   9.683E-085  -1.343E-127  -2.695E-132   1.370E-132   2.168E-136  -1.417E-141  -1.290E-159   2.524E-173
 1.05   9.758E-001   2.420E-002   5.317E-006   4.652E-020   6.619E-079  -2.126E-086   7.774E-129   1.068E-133  -7.143E-134  -1.052E-137   6.079E-143   3.523E-161  -4.211E-175
 1.00   9.785E-001   2.152E-002   3.546E-006   1.494E-020   4.917E-080   6.704E-088  -4.767E-130  -3.182E-135   3.643E-135   4.979E-139  -2.525E-144  -9.153E-163   6.597E-177
 0.95   9.810E-001   1.896E-002   2.290E-006   4.291E-021   2.383E-081  -2.564E-089   2.443E-131  -9.198E-137  -9.712E-137  -1.132E-140   4.276E-146   3.717E-165   1.542E-179
