 9.00   1.110E-016   0.000E+000   0.000E+000   6.689E-017   0.000E+000   0.000E+000  -7.052E-017   0.000E+000   0.000E+000   0.000E+000  -3.910E-017   0.000E+000   0.000E+000   0.000E+000   8.426E-017   0.000E+000  -4.597E-017   0.000E+000  -3.520E-017  -4.635E-017   6.263E-015   6.346E-012   5.326E-009   2.801E-006   8.519E-004   4.637E-002   9.528E-001
 8.95  -1.492E-069  -8.800E-069  -2.153E-067  -1.046E-065   8.986E-062   1.405E-060   6.903E-058   1.441E-055   3.253E-053   2.315E-051   1.165E-049   1.507E-048   4.577E-044   1.498E-039   3.213E-035   3.388E-031   2.557E-027   5.533E-024   9.093E-021   1.213E-017   1.442E-014   1.281E-011   9.405E-009   4.329E-006   1.157E-003   5.410E-002   9.447E-001
 8.90   3.359E-118   4.141E-109   1.616E-100   2.114E-092   4.533E-085   2.503E-078   1.033E-072   2.805E-067   3.788E-062   2.687E-057   1.448E-052   5.715E-048   3.062E-043   8.797E-039   1.652E-034   1.524E-030   1.006E-026   1.911E-023   2.742E-020   3.194E-017   3.318E-014   2.574E-011   1.654E-008   6.659E-006   1.565E-003   6.273E-002   9.357E-001
 8.85   8.010E-117   9.012E-108   3.228E-099   3.862E-091   7.681E-084   3.922E-077   1.493E-071   3.572E-066   4.252E-061   2.655E-056   1.258E-051   4.367E-047   2.053E-042   5.174E-038   8.509E-034   6.861E-030   3.962E-026   6.604E-023   8.267E-020   8.411E-017   7.633E-014   5.170E-011   2.905E-008   1.023E-005   2.114E-003   7.238E-002   9.255E-001
 8.80   1.963E-115   2.007E-106   6.579E-098   7.176E-090   1.319E-082   6.206E-076   2.174E-070   4.583E-065   4.809E-060   2.643E-055   1.102E-050   3.362E-046   1.387E-041   3.064E-037   4.413E-033   3.111E-029   1.570E-025   2.298E-022   2.508E-019   2.225E-016   1.763E-013   1.042E-010   5.113E-008   1.574E-005   2.854E-003   8.326E-002   9.139E-001
 8.75   4.923E-114   4.568E-105   1.367E-096   1.357E-088   2.298E-081   9.954E-075   3.202E-069   5.947E-064   5.498E-059   2.658E-054   9.742E-050   2.614E-045   9.464E-041   1.832E-036   2.309E-032   1.422E-028   6.272E-025   8.047E-022   7.656E-019   5.921E-016   4.087E-013   2.104E-010   9.013E-008   2.423E-005   3.854E-003   9.568E-002   9.004E-001
 8.70   1.268E-112   1.065E-103   2.902E-095   2.616E-087   4.076E-080   1.623E-073   4.784E-068   7.827E-063   6.376E-058   2.712E-053   8.733E-049   2.060E-044   6.543E-040   1.109E-035   1.223E-031   6.576E-028   2.532E-024   2.847E-021   2.356E-018   1.586E-015   9.534E-013   4.269E-010   1.594E-007   3.737E-005   5.209E-003   1.100E-001   8.848E-001
 8.65   3.359E-111   2.549E-102   6.306E-094   5.152E-086   7.365E-079   2.690E-072   7.252E-067   1.045E-061   7.499E-057   2.804E-052   7.938E-048   1.645E-043   4.579E-039   6.793E-035   6.547E-031   3.073E-027   1.032E-023   1.016E-020   7.312E-018   4.280E-015   2.237E-012   8.699E-010   2.829E-007   5.775E-005   7.044E-003   1.264E-001   8.665E-001
 8.60   9.198E-110   6.288E-101   1.409E-092   1.042E-084   1.364E-077   4.561E-071   1.122E-065   1.423E-060   8.990E-056   2.954E-051   7.340E-047   1.335E-042   3.254E-038   4.223E-034   3.557E-030   1.456E-026   4.260E-023   3.667E-020   2.291E-017   1.164E-014   5.278E-012   1.780E-009   5.033E-007   8.939E-005   9.536E-003   1.452E-001   8.452E-001
 8.55   2.585E-108   1.589E-099   3.218E-091   2.148E-083   2.571E-076   7.860E-070   1.759E-064   1.964E-059   1.093E-054   3.155E-050   6.881E-046   1.098E-041   2.344E-037   2.658E-033   1.954E-029   6.970E-026   1.776E-022   1.335E-019   7.232E-017   3.185E-014   1.252E-011   3.656E-009   8.975E-007   1.385E-004   1.291E-002   1.663E-001   8.206E-001
 8.50   7.499E-107   4.138E-098   7.554E-090   4.545E-082   4.960E-075   1.384E-068   2.814E-063   2.764E-058   1.353E-053   3.431E-049   6.562E-045   9.180E-041   1.715E-036   1.699E-032   1.090E-028   3.384E-025   7.500E-022   4.919E-019   2.305E-016   8.784E-014   2.987E-011   7.540E-009   1.605E-006   2.151E-004   1.750E-002   1.900E-001   7.923E-001
 8.45   2.240E-105   1.108E-096   1.819E-088   9.850E-081   9.781E-074   2.488E-067   4.584E-062   3.961E-057   1.706E-052   3.793E-048   6.358E-044   7.794E-040   1.272E-035   1.099E-031   6.148E-028   1.661E-024   3.199E-021   1.829E-018   7.404E-016   2.438E-013   7.159E-011   1.560E-008   2.877E-006   3.342E-004   2.373E-002   2.164E-001   7.596E-001
 8.40   6.886E-104   3.046E-095   4.490E-087   2.185E-079   1.971E-072   4.564E-066   7.604E-061   5.777E-056   2.188E-051   4.265E-047   6.261E-043   6.723E-039   9.578E-035   7.218E-031   3.516E-027   8.259E-024   1.381E-020   6.867E-018   2.400E-015   6.816E-013   1.726E-010   3.242E-008   5.172E-006   5.202E-004   3.220E-002   2.454E-001   7.219E-001
 8.35   2.183E-102   8.623E-094   1.139E-085   4.972E-078   4.067E-071   8.558E-065   1.287E-059   8.588E-055   2.857E-050   4.881E-046   6.272E-042   5.887E-038   7.317E-034   4.804E-030   2.036E-026   4.156E-023   6.024E-020   2.604E-017   7.840E-015   1.917E-012   4.183E-010   6.755E-008   9.308E-006   8.098E-004   4.366E-002   2.767E-001   6.788E-001
 8.30   7.133E-101   2.512E-092   2.965E-084   1.160E-076   8.586E-070   1.641E-063   2.221E-058   1.302E-053   3.803E-049   5.685E-045   6.385E-041   5.238E-037   5.674E-033   3.242E-029   1.195E-025   2.116E-022   2.657E-019   9.966E-017   2.581E-014   5.426E-012   1.017E-009   1.410E-007   1.676E-005   1.259E-003   5.911E-002   3.098E-001   6.298E-001
 8.25   2.391E-099   7.496E-091   7.896E-083   2.764E-075   1.849E-068   3.205E-062   3.897E-057   2.005E-052   5.140E-048   6.722E-044   6.596E-040   4.724E-036   4.455E-032   2.214E-028   7.088E-025   1.089E-021   1.183E-018   3.846E-016   8.550E-014   1.543E-011   2.481E-009   2.946E-007   3.015E-005   1.954E-003   7.977E-002   3.435E-001   5.748E-001
 8.20   8.256E-098   2.302E-089   2.160E-081   6.755E-074   4.077E-067   6.401E-061   6.978E-056   3.151E-051   7.080E-047   8.088E-043   6.924E-039   4.322E-035   3.547E-031   1.531E-027   4.253E-024   5.660E-021   5.314E-018   1.495E-015   2.848E-013   4.402E-011   6.062E-009   6.153E-007   5.411E-005   3.019E-003   1.071E-001   3.763E-001   5.135E-001
 8.15   2.923E-096   7.239E-088   6.038E-080   1.686E-072   9.164E-066   1.303E-059   1.270E-054   5.028E-050   9.902E-046   9.873E-042   7.367E-038   4.005E-034   2.854E-030   1.068E-026   2.574E-023   2.966E-020   2.404E-017   5.840E-015   9.516E-013   1.257E-010   1.477E-008   1.278E-006   9.641E-005   4.626E-003   1.425E-001   4.053E-001   4.474E-001
 8.10   1.061E-094   2.330E-086   1.725E-078   4.292E-071   2.099E-064   2.697E-058   2.349E-053   8.143E-049   1.404E-044   1.220E-040   7.921E-037   3.745E-033   2.314E-029   7.511E-026   1.567E-022   1.562E-019   1.092E-016   2.284E-014   3.178E-012   3.576E-010   3.582E-008   2.635E-006   1.701E-004   7.004E-003   1.875E-001   4.276E-001   3.777E-001
 8.05   3.936E-093   7.656E-085   5.025E-077   1.113E-069   4.888E-063   5.677E-057   4.404E-052   1.337E-047   2.015E-043   1.525E-039   8.607E-036   3.534E-032   1.892E-028   5.314E-025   9.595E-022   8.265E-019   4.974E-016   8.935E-014   1.059E-011   1.013E-009   8.616E-008   5.374E-006   2.962E-004   1.044E-002   2.425E-001   4.395E-001   3.073E-001
 8.00   1.487E-091   2.559E-083   1.486E-075   2.927E-068   1.154E-061   1.209E-055   8.340E-051   2.214E-046   2.915E-042   1.918E-038   9.402E-035   3.351E-031   1.553E-027   3.770E-024   5.883E-021   4.375E-018   2.264E-015   3.483E-013   3.504E-011   2.842E-009   2.047E-007   1.079E-005   5.063E-004   1.525E-002   3.073E-001   4.377E-001   2.392E-001
 7.95   5.715E-090   8.695E-082   4.462E-074   7.806E-067   2.757E-060   2.607E-054   1.595E-049   3.700E-045   4.254E-041   2.431E-037   1.033E-033   3.190E-030   1.276E-026   2.676E-023   3.606E-020   2.313E-017   1.028E-014   1.349E-012   1.150E-010   7.887E-009   4.793E-007   2.128E-005   8.475E-004   2.176E-002   3.803E-001   4.203E-001   1.768E-001
 7.90   2.234E-088   3.001E-080   1.358E-072   2.108E-065   6.666E-059   5.677E-053   3.080E-048   6.236E-044   6.250E-040   3.097E-036   1.140E-032   3.043E-029   1.051E-025   1.900E-022   2.207E-019   1.219E-016   4.647E-014   5.190E-012   3.735E-010   2.158E-008   1.103E-006   4.110E-005   1.385E-003   3.023E-002   4.578E-001   3.871E-001   1.234E-001
 7.85   8.889E-087   1.053E-078   4.201E-071   5.780E-064   1.634E-057   1.253E-051   6.009E-047   1.061E-042   9.259E-039   3.975E-035   1.265E-031   2.916E-028   8.666E-025   1.349E-021   1.350E-018   6.420E-016   2.095E-013   1.982E-011   1.200E-009   5.821E-008   2.494E-006   7.765E-005   2.206E-003   4.080E-002   5.351E-001   3.410E-001   8.090E-002
 7.80   3.609E-085   3.770E-077   1.322E-069   1.612E-062   4.069E-056   2.808E-050   1.189E-045   1.829E-041   1.388E-037   5.152E-034   1.415E-030   2.812E-027   7.181E-024   9.609E-021   8.267E-018   3.382E-015   9.434E-013   7.536E-011   3.826E-009   1.551E-007   5.546E-006   1.437E-004   3.428E-003   5.352E-002   6.070E-001   2.863E-001   4.954E-002
 7.75   1.504E-083   1.383E-075   4.262E-068   4.595E-061   1.035E-054   6.418E-049   2.393E-044   3.203E-040   2.112E-036   6.769E-033   1.602E-029   2.739E-026   5.999E-023   6.886E-020   5.086E-017   1.788E-014   4.255E-012   2.856E-010   1.212E-008   4.092E-007   1.216E-005   2.609E-004   5.200E-003   6.827E-002   6.690E-001   2.290E-001   2.822E-002
 7.70   6.448E-082   5.213E-074   1.409E-066   1.343E-059   2.694E-053   1.502E-047   4.922E-043   5.727E-039   3.275E-035   9.044E-032   1.841E-028   2.703E-025   5.068E-022   4.984E-019   3.160E-016   9.529E-014   1.933E-011   1.086E-009   3.833E-008   1.074E-006   2.638E-005   4.666E-004   7.732E-003   8.491E-002   7.180E-001   1.740E-001   1.487E-002
 7.65   2.876E-080   2.044E-072   4.840E-065   4.073E-058   7.276E-052   3.639E-046   1.047E-041   1.058E-037   5.241E-034   1.245E-030   2.175E-027   2.737E-024   4.379E-021   3.680E-018   1.996E-015   5.161E-013   8.904E-011   4.166E-009   1.218E-007   2.816E-006   5.696E-005   8.258E-004   1.131E-002   1.033E-001   7.515E-001   1.258E-001   7.245E-003
 7.60   1.341E-078   8.372E-071   1.735E-063   1.288E-056   2.045E-050   9.169E-045   2.312E-040   2.026E-036   8.680E-033   1.770E-029   2.649E-026   2.850E-023   3.884E-020   2.785E-017   1.292E-014   2.859E-012   4.189E-010   1.625E-008   3.916E-007   7.430E-006   1.229E-004   1.453E-003   1.634E-002   1.233E-001   7.690E-001   8.655E-002   3.268E-003
 7.55   6.608E-077   3.616E-069   6.547E-062   4.284E-055   6.043E-049   2.426E-043   5.348E-039   4.058E-035   1.502E-031   2.624E-028   3.356E-025   3.080E-022   3.567E-019   2.176E-016   8.610E-014   1.630E-011   2.025E-009   6.475E-008   1.280E-006   1.982E-005   2.668E-004   2.553E-003   2.341E-002   1.449E-001   7.708E-001   5.673E-002   1.361E-003
 7.50   3.461E-075   1.659E-067   2.622E-060   1.510E-053   1.890E-047   6.789E-042   1.307E-037   8.575E-034   2.736E-030   4.085E-027   4.456E-024   3.477E-021   3.411E-018   1.766E-015   5.953E-013   9.626E-011   1.012E-008   2.654E-007   4.277E-006   5.376E-005   5.850E-004   4.503E-003   3.340E-002   1.681E-001   7.577E-001   3.511E-002   5.112E-004
 7.45   1.937E-073   8.132E-066   1.120E-058   5.676E-052   6.293E-046   2.020E-040   3.391E-036   1.921E-032   5.274E-029   6.718E-026   6.231E-023   4.125E-020   3.416E-017   1.498E-014   4.292E-012   5.919E-010   5.262E-008   1.124E-006   1.469E-005   1.490E-004   1.302E-003   7.999E-003   4.756E-002   1.927E-001   7.299E-001   2.021E-002   1.684E-004
 7.40   1.172E-071   4.301E-064   5.157E-057   2.297E-050   2.254E-044   6.459E-039   9.434E-035   4.607E-031   1.086E-027   1.177E-024   9.259E-022   5.183E-019   3.612E-016   1.337E-013   3.247E-011   3.815E-009   2.863E-007   4.946E-006   5.212E-005   4.235E-004   2.948E-003   1.434E-002   6.765E-002   2.181E-001   6.858E-001   1.061E-002   4.723E-005
 7.35   7.657E-070   2.455E-062   2.559E-055   1.001E-048   8.677E-043   2.218E-037   2.814E-033   1.183E-029   2.392E-026   2.198E-023   1.462E-020   6.894E-018   4.027E-015   1.253E-012   2.573E-010   2.571E-008   1.626E-006   2.258E-005   1.904E-004   1.230E-003   6.763E-003   2.582E-002   9.553E-002   2.421E-001   6.233E-001   5.055E-003   1.134E-005
 7.30   5.359E-068   1.499E-060   1.356E-053   4.650E-047   3.559E-041   8.099E-036   8.918E-032   3.219E-028   5.567E-025   4.326E-022   2.424E-019   9.593E-017   4.680E-014   1.221E-011   2.114E-009   1.794E-007   9.548E-006   1.058E-004   7.090E-004   3.612E-003   1.557E-002   4.620E-002   1.324E-001   2.601E-001   5.391E-001   2.182E-003   2.373E-006
 7.25   3.975E-066   9.693E-059   7.603E-052   2.283E-045   1.540E-039   3.115E-034   2.970E-030   9.187E-027   1.356E-023   8.883E-021   4.179E-018   1.383E-015   5.607E-013   1.221E-010   1.776E-008   1.277E-006   5.713E-005   5.011E-004   2.645E-003   1.053E-002   3.519E-002   8.024E-002   1.759E-001   2.635E-001   4.306E-001   8.392E-004   4.311E-007
 7.20   3.003E-064   6.379E-057   4.333E-050   1.138E-043   6.758E-038   1.214E-032   1.000E-028   2.648E-025   3.329E-022   1.831E-019   7.206E-017   1.985E-014   6.649E-012   1.202E-009   1.464E-007   8.902E-006   3.341E-004   2.301E-003   9.483E-003   2.919E-002   7.476E-002   1.293E-001   2.133E-001   2.395E-001   3.015E-001   2.767E-004   6.618E-008
 7.15   2.154E-062   3.982E-055   2.339E-048   5.366E-042   2.803E-036   4.472E-031   3.179E-027   7.185E-024   7.668E-021   3.529E-018   1.156E-015   2.637E-013   7.264E-011   1.085E-008   1.102E-006   5.652E-005   1.777E-003   9.521E-003   3.032E-002   7.134E-002   1.383E-001   1.791E-001   2.186E-001   1.805E-001   1.703E-001   7.139E-005   7.577E-009
 7.10   1.349E-060   2.168E-053   1.099E-046   2.200E-040   1.008E-034   1.420E-029   8.692E-026   1.673E-022   1.512E-019   5.797E-017   1.574E-014   2.958E-012   6.658E-010   8.177E-008   6.887E-006   2.971E-004   7.817E-003   3.229E-002   7.864E-002   1.399E-001   2.027E-001   1.937E-001   1.719E-001   1.023E-001   7.041E-002   1.242E-005   5.276E-010
 7.05   6.961E-059   9.712E-052   4.245E-045   7.402E-039   2.970E-033   3.666E-028   1.930E-024   3.158E-021   2.409E-018   7.660E-016   1.716E-013   2.642E-011   4.825E-009   4.842E-007   3.364E-005   1.216E-003   2.673E-002   8.418E-002   1.549E-001   2.055E-001   2.193E-001   1.521E-001   9.617E-002   4.030E-002   1.958E-002   1.260E-006   1.809E-011
 7.00   2.932E-057   3.548E-050   1.335E-043   2.024E-037   7.108E-032   7.660E-027   3.459E-023   4.796E-020   3.078E-017   8.075E-015   1.484E-012   1.861E-010   2.737E-008   2.228E-006   1.269E-004   3.826E-003   7.017E-002   1.664E-001   2.283E-001   2.226E-001   1.720E-001   8.490E-002   3.735E-002   1.075E-002   3.566E-003   6.849E-008   2.647E-013
 6.95   1.035E-055   1.085E-048   3.508E-042   4.621E-036   1.418E-030   1.337E-025   5.168E-022   6.061E-019   3.262E-016   7.023E-014   1.052E-011   1.067E-009   1.255E-007   8.218E-006   3.808E-004   9.533E-003   1.456E-001   2.568E-001   2.586E-001   1.822E-001   9.993E-002   3.433E-002   1.024E-002   1.971E-003   4.319E-004   1.912E-009   1.492E-015
 6.90   3.207E-054   2.909E-047   8.066E-041   9.217E-035   2.461E-029   2.049E-024   6.765E-021   6.685E-018   3.006E-015   5.282E-013   6.413E-011   5.225E-009   4.862E-007   2.540E-005   9.494E-004   1.962E-002   2.490E-001   3.219E-001   2.342E-001   1.169E-001   4.457E-002   1.041E-002   2.052E-003   2.564E-004   3.579E-005   2.671E-011   2.980E-018
 6.85   9.163E-053   7.187E-046   1.706E-039   1.689E-033   3.898E-028   2.882E-023   8.113E-020   6.735E-017   2.520E-014   3.593E-012   3.513E-010   2.282E-008   1.668E-006   6.882E-005   2.056E-003   3.480E-002   3.662E-001   3.413E-001   1.760E-001   6.099E-002   1.579E-002   2.444E-003   3.086E-004   2.414E-005   2.056E-006   1.785E-013   1.928E-021
 6.80   2.634E-051   1.783E-044   3.617E-038   3.093E-032   6.152E-027   3.909E-022   9.352E-019   6.496E-016   2.014E-013   2.314E-011   1.808E-009   9.284E-008   5.270E-006   1.699E-004   4.012E-003   5.514E-002   4.794E-001   3.164E-001   1.133E-001   2.661E-002   4.557E-003   4.531E-004   3.526E-005   1.651E-006   8.138E-008   5.627E-016   4.041E-025
 6.75   7.890E-050   4.603E-043   7.964E-037   5.861E-031   1.005E-025   5.260E-021   1.067E-017   6.187E-015   1.582E-012   1.454E-010   9.010E-009   3.624E-007   1.581E-005   3.937E-004   7.257E-003   8.012E-002   5.738E-001   2.632E-001   6.412E-002   9.957E-003   1.093E-003   6.713E-005   3.073E-006   8.173E-008   2.201E-009   8.623E-019   2.938E-029
 6.70   2.403E-048   1.207E-041   1.779E-035   1.124E-029   1.674E-024   7.279E-020   1.248E-016   6.012E-014   1.263E-011   9.210E-010   4.486E-008   1.401E-006   4.639E-005   8.804E-004   1.248E-002   1.093E-001   6.415E-001   2.001E-001   3.227E-002   3.199E-003   2.156E-004   7.787E-006   1.978E-007   2.817E-009   3.904E-011   6.266E-022   7.343E-034
 6.65   7.444E-047   3.212E-040   4.022E-034   2.182E-028   2.829E-023   1.058E-018   1.529E-015   6.100E-013   1.047E-010   6.014E-009   2.282E-007   5.474E-006   1.358E-004   1.935E-003   2.078E-002   1.419E-001   6.795E-001   1.404E-001   1.447E-002   8.778E-004   3.455E-005   6.938E-007   9.230E-009   6.652E-011   4.493E-013   2.218E-025   6.729E-039
 6.60   2.514E-045   9.309E-039   9.878E-033   4.605E-027   5.078E-022   1.653E-017   2.003E-014   6.587E-012   9.188E-010   4.121E-008   1.207E-006   2.201E-005   4.035E-004   4.249E-003   3.391E-002   1.772E-001   6.875E-001   9.082E-002   5.731E-003   2.021E-004   4.398E-006   4.649E-008   3.062E-010   1.057E-012   3.309E-015   3.882E-029   2.363E-044
 6.55   9.685E-044   3.071E-037   2.753E-031   1.103E-025   1.003E-020   2.813E-016   2.850E-013   7.692E-011   8.675E-009   3.009E-007   6.733E-006   9.215E-005   1.230E-003   9.401E-003   5.464E-002   2.135E-001   6.653E-001   5.379E-002   1.977E-003   3.853E-005   4.395E-007   2.315E-009   7.151E-012   1.121E-014   1.548E-017   3.420E-033   3.322E-050
 6.50   4.174E-042   1.131E-035   8.547E-030   2.911E-024   2.198E-019   5.254E-015   4.432E-012   9.774E-010   8.858E-008   2.352E-006   3.978E-005   4.037E-004   3.858E-003   2.100E-002   8.688E-002   2.469E-001   6.114E-001   2.890E-002   5.902E-004   6.032E-006   3.424E-008   8.524E-011   1.173E-013   7.842E-017   4.466E-020   1.519E-037   1.930E-056
 6.45   1.966E-040   4.547E-034   2.892E-028   8.271E-023   5.307E-018   1.073E-013   7.500E-011   1.345E-008   9.739E-007   1.958E-005   2.471E-004   1.833E-003   1.234E-002   4.682E-002   1.344E-001   2.689E-001   5.214E-001   1.381E-002   1.494E-004   7.607E-007   2.041E-009   2.265E-012   1.297E-015   3.372E-019   7.161E-023   2.848E-042  -1.599E-062
 6.40   9.774E-039   1.925E-032   1.031E-026   2.477E-021   1.360E-016   2.318E-012   1.334E-009   1.937E-007   1.113E-005   1.673E-004   1.556E-003   8.309E-003   3.861E-002   9.988E-002   1.935E-001   2.619E-001   3.905E-001   5.550E-003   3.030E-005   7.262E-008   8.622E-011   3.916E-014   8.420E-018   7.481E-022   5.175E-026   2.537E-047   3.436E-070
 6.35   4.662E-037   7.798E-031   3.513E-025   7.142E-020   3.330E-015   4.777E-011   2.252E-008   2.632E-006   1.192E-004   1.324E-003   8.938E-003   3.379E-002   1.063E-001   1.830E-001   2.322E-001   2.038E-001   2.289E-001   1.676E-003   4.374E-006   4.568E-009   2.177E-012   3.599E-016   2.543E-020   6.583E-025   1.242E-029   5.753E-053   9.501E-078
 6.30   1.838E-035   2.606E-029   9.800E-024   1.687E-018   6.628E-014   7.940E-010   3.047E-007   2.850E-005   1.011E-003   8.187E-003   3.954E-002   1.040E-001   2.167E-001   2.416E-001   1.950E-001   1.061E-001   8.756E-002   3.126E-004   3.585E-007   1.462E-010   2.456E-014   1.276E-018   2.512E-023   1.570E-028   6.658E-034   2.209E-059  -8.008E-085
 6.25   5.308E-034   6.370E-028   1.982E-022   2.876E-017   9.457E-013   9.372E-009   2.906E-006   2.163E-004   5.960E-003   3.464E-002   1.175E-001   2.103E-001   2.833E-001   1.989E-001   9.884E-002   3.175E-002   1.856E-002   2.938E-005   1.309E-008   1.796E-012   8.989E-017   1.220E-021   5.469E-027   6.576E-033   7.581E-039   8.953E-066   5.253E-092
 6.20   1.097E-032   1.112E-026   2.863E-021   3.482E-016   9.556E-012   7.784E-008   1.935E-005   1.139E-003   2.415E-002   9.894E-002   2.310E-001   2.746E-001   2.330E-001   1.001E-001   2.963E-002   5.322E-003   2.090E-003   1.284E-006   1.897E-010   7.304E-015   8.899E-020   2.455E-025   1.695E-031   9.739E-038   2.373E-043  -1.217E-070  -4.733E-097
 6.15   1.698E-031   1.451E-025   3.106E-020   3.153E-015   7.204E-011   4.805E-007   9.499E-005   4.389E-003   7.094E-002   2.009E-001   3.157E-001   2.431E-001   1.265E-001   3.225E-002   5.486E-003   5.188E-004   1.279E-004   2.577E-008   1.043E-012   9.145E-018   2.145E-023   1.001E-029   1.020E-036  -5.442E-044  -2.804E-049  -2.974E-076  -3.410E-103
 6.10   2.091E-030   1.505E-024   2.677E-019   2.260E-014   4.274E-010   2.319E-006   3.617E-004   1.302E-002   1.589E-001   3.046E-001   3.149E-001   1.531E-001   4.748E-002   6.948E-003   6.521E-004   3.061E-005   4.611E-006   2.589E-010   2.392E-015   3.877E-021   1.413E-027   9.031E-035   1.521E-042  -3.932E-050   1.022E-054   5.106E-082  -3.750E-110
 6.05   2.178E-029   1.317E-023   1.941E-018   1.358E-013   2.108E-009   9.195E-006   1.121E-003   3.119E-002   2.841E-001   3.601E-001   2.386E-001   7.111E-002   1.265E-002   1.015E-003   4.997E-005   1.099E-006   1.096E-007   1.453E-012   2.480E-018   5.849E-025   2.566E-032   1.736E-040   1.978E-049  -3.695E-057   1.004E-061  -3.107E-088  -3.029E-116
 6.00   1.996E-028   1.011E-022   1.230E-017   7.091E-013   8.993E-009   3.124E-005   2.945E-003   6.270E-002   4.208E-001   3.440E-001   1.420E-001   2.497E-002   2.434E-003   1.016E-004   2.494E-006   2.450E-008   2.241E-009   5.642E-015   1.379E-021   3.759E-029   1.616E-037   9.765E-047   5.964E-057  -5.666E-064  -5.691E-067   1.037E-093  -1.030E-122
 5.95   1.667E-027   7.052E-022   7.061E-017   3.337E-012   3.442E-008   9.428E-005   6.803E-003   1.096E-001   5.344E-001   2.741E-001   6.792E-002   6.739E-003   3.417E-004   7.036E-006   8.212E-008   3.474E-010   5.292E-011   1.878E-017   5.165E-025   1.321E-033   4.481E-043   5.565E-053   4.688E-063   2.598E-070  -1.795E-071   5.205E-099  -9.927E-129
 5.90   1.309E-026   4.617E-021   3.797E-016   1.464E-011   1.220E-007   2.614E-004   1.428E-002   1.721E-001   5.990E-001   1.864E-001   2.654E-002   1.411E-003   3.534E-005   3.422E-007   1.816E-009   3.283E-012   1.553E-012   5.925E-020   1.729E-028   9.484E-038   1.935E-047   7.382E-058   7.269E-068   1.152E-074  -1.650E-075   2.772E-103  -4.793E-133
 5.85   9.943E-026   2.922E-020   1.970E-015   6.164E-011   4.117E-007   6.839E-004   2.794E-002   2.481E-001   6.052E-001   1.094E-001   8.511E-003   2.300E-004   2.710E-006   1.178E-008   2.725E-011   2.268E-014   5.215E-014   1.657E-022   2.791E-032   6.200E-043   5.390E-053   9.894E-064   1.254E-073   8.178E-080   9.880E-080  -1.217E-107   9.602E-138
 5.80   7.441E-025   1.820E-019   1.004E-014   2.534E-010   1.344E-006   1.712E-003   5.162E-002   3.323E-001   5.565E-001   5.564E-002   2.247E-003   2.936E-005   1.550E-007   2.890E-010   2.768E-013   2.121E-016   1.898E-015   4.938E-025   7.616E-036  -7.337E-049  -1.022E-059   1.197E-070   1.326E-080   1.471E-084   3.075E-084  -2.112E-113  -2.312E-143
 5.75   5.533E-024   1.124E-018   5.056E-014   1.023E-009   4.275E-006   4.119E-003   9.039E-002   4.148E-001   4.657E-001   2.457E-002   4.924E-004   2.971E-006   6.710E-009   5.069E-012   1.861E-015   5.689E-018   7.496E-017   1.518E-027   1.430E-039   1.312E-054  -1.473E-065   2.329E-076   2.605E-086  -2.432E-089  -5.092E-089   1.116E-117   1.021E-147
 5.70   4.119E-023   6.921E-018   2.535E-013   4.085E-009   1.333E-005   9.546E-003   1.500E-001   4.808E-001   3.503E-001   9.314E-003   8.852E-005   2.352E-007   2.118E-010   5.898E-014   7.507E-018   2.341E-019   3.202E-018   1.416E-030  -6.071E-046   5.424E-061  -1.714E-071   2.741E-082   3.268E-092  -7.370E-094  -1.559E-093  -6.273E-124   6.867E-154
 5.65   3.039E-022   4.215E-017   1.253E-012   1.598E-008   4.041E-005   2.112E-002   2.337E-001   5.101E-001   2.320E-001   2.981E-003   1.286E-005   1.412E-008   4.591E-012   4.155E-016   2.175E-020   1.050E-020   1.439E-019   1.830E-033   5.831E-050  -2.474E-066   1.058E-077  -1.233E-088   4.941E-098   5.931E-098   1.262E-097   5.538E-128  -3.961E-158
 5.60   2.207E-021   2.519E-016   6.067E-012   6.078E-008   1.179E-004   4.411E-002   3.380E-001   4.853E-001   1.316E-001   7.842E-004   1.440E-006   5.945E-010   6.113E-014   1.535E-018   3.401E-022   5.297E-022   7.188E-021   4.155E-036  -2.261E-054  -1.571E-073  -5.427E-084   4.052E-095  -3.410E-103  -3.260E-103  -6.929E-103  -1.872E-132   5.531E-163
 5.55   1.570E-020   1.469E-015   2.856E-011   2.235E-007   3.277E-004   8.614E-002   4.468E-001   4.042E-001   6.237E-002   1.616E-004   1.145E-007   1.566E-011   4.326E-016   2.504E-021   2.303E-023   3.759E-023   5.004E-022   2.412E-038  -1.251E-058  -5.662E-079   5.924E-091  -1.079E-101  -6.308E-107  -5.817E-107  -1.228E-106   1.033E-137  -2.419E-168
 5.50   1.086E-019   8.313E-015   1.301E-010   7.882E-007   8.610E-004   1.555E-001   5.309E-001   2.886E-001   2.411E-002   2.472E-005   5.941E-009   2.297E-013   1.402E-018   4.282E-024   2.787E-024   4.585E-024   5.927E-023   4.629E-040  -1.115E-061  -3.099E-085   1.206E-097  -2.057E-108  -8.349E-110  -7.570E-110  -1.578E-109   1.980E-141  -3.451E-173
 5.45   7.302E-019   4.554E-014   5.717E-010   2.660E-006   2.134E-003   2.571E-001   5.589E-001   1.744E-001   7.479E-003   2.669E-006   1.844E-010   1.665E-015   1.787E-021   5.607E-025   5.505E-025   9.158E-025   1.136E-023   2.407E-041  -6.336E-064  -2.544E-090   4.837E-103  -6.239E-112  -5.313E-112  -4.746E-112  -9.716E-112   3.249E-144  -1.430E-176
 5.40   4.793E-018   2.427E-013   2.435E-009   8.612E-006   4.989E-003   3.876E-001   5.172E-001   8.837E-002   1.828E-003   1.928E-007   3.137E-012   5.277E-018   9.555E-025   1.542E-025   1.506E-025   2.547E-025   2.995E-024   2.364E-042  -1.137E-065   8.166E-095  -4.074E-108  -1.068E-113  -9.335E-114  -8.230E-114  -1.648E-113   1.978E-146  -3.073E-179
 5.35   3.066E-017   1.256E-012   1.004E-008   2.675E-005   1.098E-002   5.298E-001   4.212E-001   3.767E-002   3.458E-004   8.898E-009   2.718E-014   6.725E-021   5.760E-026   5.109E-026   4.973E-026   8.603E-026   9.461E-025   3.321E-043  -3.891E-067  -1.957E-099   1.045E-112  -3.262E-115  -2.922E-115  -2.547E-115  -4.971E-115   2.527E-148  -1.661E-181
 5.30   1.937E-016   6.389E-012   4.056E-008   8.058E-005   2.288E-002   6.578E-001   3.056E-001   1.361E-002   4.997E-005   2.531E-010   1.143E-016   3.337E-024   2.084E-026   1.867E-026   1.815E-026   3.240E-026   3.282E-025   5.639E-044  -1.880E-068  -1.609E-103  -2.127E-116  -1.346E-116  -1.242E-116  -1.072E-116  -2.033E-116   4.794E-150  -1.471E-183
 5.25   1.230E-015   3.252E-011   1.631E-007   2.386E-004   4.538E-002   7.480E-001   2.023E-001   4.134E-003   5.309E-006   4.174E-012   2.276E-019   7.902E-027   7.875E-027   7.129E-027   6.940E-027   1.292E-026   1.187E-025   1.049E-044  -1.080E-069  -4.122E-107  -8.802E-118  -6.409E-118  -6.111E-118  -5.224E-118  -9.620E-118   1.105E-151  -1.671E-185
 5.20   7.747E-015   1.633E-010   6.435E-007   6.827E-004   8.394E-002   7.890E-001   1.253E-001   1.045E-003   3.944E-007   3.848E-014   1.984E-022   2.770E-027   3.011E-027   2.761E-027   2.702E-027   5.309E-027   4.350E-026   2.030E-045  -6.704E-071  -3.619E-111  -4.320E-119  -3.221E-119  -3.188E-119  -2.695E-119  -4.810E-119   2.750E-153  -2.086E-187
 5.15   4.677E-014   7.824E-010   2.408E-006   1.826E-003   1.400E-001   7.835E-001   7.439E-002   2.166E-004   1.980E-008   2.081E-016   1.355E-025   1.063E-027   1.147E-027   1.069E-027   1.056E-027   2.215E-027   1.594E-026   3.985E-046  -4.316E-072  -5.042E-115  -2.158E-120  -1.645E-120  -1.695E-120  -1.414E-120  -2.446E-120   7.068E-155  -2.743E-189
 5.10   2.685E-013   3.547E-009   8.464E-006   4.519E-003   2.092E-001   7.424E-001   4.386E-002   3.711E-005   6.606E-010   6.197E-019   5.548E-028   4.039E-028   4.334E-028   4.107E-028   4.117E-028   9.321E-028   5.805E-027   7.872E-047  -2.835E-073   3.101E-120  -1.081E-121  -8.394E-122  -9.036E-122  -7.429E-122  -1.243E-121   1.832E-156  -3.673E-191
 5.05   1.482E-012   1.536E-008   2.819E-005   1.038E-002   2.830E-001   6.797E-001   2.686E-002   5.294E-006   1.484E-011   1.316E-021   2.139E-028   1.512E-028   1.617E-028   1.560E-028   1.595E-028   3.929E-028   2.094E-027   1.555E-047  -1.881E-074  -1.300E-122  -5.372E-123  -4.233E-123  -4.775E-123  -3.860E-123  -6.240E-123   4.724E-158  -4.943E-193
 5.00   7.679E-012   6.200E-008   8.667E-005   2.142E-002   3.514E-001   6.093E-001   1.778E-002   6.405E-007   2.344E-013   1.558E-024   8.072E-029   5.539E-029   5.909E-029   5.813E-029   6.097E-029   1.639E-028   7.420E-028   3.042E-048  -1.237E-075  -6.507E-124  -2.585E-124  -2.060E-124  -2.445E-124  -1.940E-124  -3.023E-124   1.174E-159  -6.392E-195
 4.95   3.705E-011   2.314E-007   2.431E-004   3.894E-002   4.071E-001   5.409E-001   1.291E-002   6.798E-008   2.885E-015   1.793E-028   2.957E-029   1.969E-029   2.094E-029   2.101E-029   2.274E-029   6.651E-029   2.555E-028   5.798E-049  -7.858E-077  -2.957E-125  -1.171E-125  -9.381E-126  -1.175E-125  -9.159E-126  -1.371E-125   2.718E-161  -7.722E-197
 4.90   1.696E-010   8.132E-007   6.326E-004   6.303E-002   4.474E-001   4.789E-001   1.010E-002   6.518E-009   2.842E-017   2.156E-029   1.036E-029   6.703E-030   7.102E-030   7.264E-030   8.170E-030   2.573E-029   8.435E-029   1.055E-049  -4.651E-078  -1.210E-126  -4.794E-127  -3.841E-127  -5.094E-127  -3.909E-127  -5.591E-127   5.573E-163  -8.136E-199
 4.85   7.449E-010   2.720E-006   1.540E-003   9.227E-002   4.738E-001   4.241E-001   8.296E-003   5.721E-010   2.955E-020   7.383E-030   3.427E-030   2.156E-030   2.271E-030   2.367E-030   2.784E-030   9.301E-030   2.630E-029   1.795E-050  -2.466E-079  -4.264E-128  -1.699E-128  -1.353E-128  -1.906E-128  -1.444E-128  -1.963E-128   9.530E-165  -6.891E-201
 4.80   3.104E-009   8.560E-006   3.452E-003   1.243E-001   4.897E-001   3.756E-001   6.969E-003   4.648E-011   2.212E-023   2.345E-030   1.051E-030   6.442E-031   6.729E-031   7.143E-031   8.846E-031   3.077E-030   7.623E-030   2.787E-051  -1.128E-080  -1.252E-129  -5.029E-130  -3.954E-130  -5.940E-130  -4.465E-130  -5.732E-130   1.325E-166  -4.690E-203
 4.75   1.207E-008   2.493E-005   6.976E-003   1.569E-001   4.981E-001   3.321E-001   5.886E-003   3.510E-012   7.059E-027   6.780E-031   2.948E-031   1.763E-031   1.820E-031   1.964E-031   2.577E-031   9.184E-031   2.021E-030   3.850E-052  -4.226E-082  -2.902E-131  -1.179E-131  -9.070E-132  -1.457E-131  -1.090E-131  -1.312E-131   1.364E-168  -2.221E-205
 4.70   4.446E-008   6.795E-005   1.274E-002   1.886E-001   5.009E-001   2.927E-001   4.947E-003   2.496E-013  -1.338E-029   1.756E-031   7.463E-032   4.373E-032   4.447E-032   4.876E-032   6.810E-032   2.457E-031   4.856E-031   4.654E-053  -1.223E-083  -4.819E-133  -2.025E-133  -1.511E-133  -2.597E-133  -1.931E-133  -2.142E-133   7.847E-171  -2.640E-208
 4.65   1.575E-007   1.759E-004   2.115E-002   2.186E-001   4.989E-001   2.571E-001   4.121E-003   1.504E-014   9.734E-032   4.134E-032   1.710E-032   9.877E-033   9.872E-033   1.098E-032   1.638E-032   5.960E-032   1.063E-031   4.958E-054  -2.794E-085  -5.844E-135  -2.552E-135  -1.859E-135  -3.441E-135  -2.577E-135  -2.603E-135   2.577E-173   1.334E-211
 4.60   5.380E-007   4.336E-004   3.207E-002   2.461E-001   4.927E-001   2.253E-001   3.407E-003   1.010E-015   1.140E-032   9.126E-033   3.693E-033   2.103E-033   2.056E-033   2.319E-033   3.693E-033   1.358E-032   2.185E-032   4.882E-055  -6.019E-087  -7.673E-137  -3.331E-137  -2.315E-137  -4.620E-137  -3.524E-137  -3.304E-137   1.436E-175   3.610E-214
 4.55   1.743E-006   1.005E-003   4.464E-002   2.707E-001   4.832E-001   1.976E-001   2.809E-003   7.973E-017   2.348E-033   1.961E-033   7.852E-034   4.437E-034   4.227E-034   4.835E-034   8.198E-034   3.074E-033   4.420E-033   4.709E-056  -1.200E-088  -9.169E-139  -4.116E-139  -2.723E-139  -5.852E-139  -4.512E-139  -3.763E-139   6.151E-178   5.303E-217
 4.50   5.122E-006   2.100E-003   5.782E-002   2.926E-001   4.714E-001   1.738E-001   2.320E-003   7.843E-018   5.011E-034   4.316E-034   1.716E-034   9.660E-035   8.929E-035   1.037E-034   1.863E-034   7.200E-034   9.164E-034   4.739E-057  -2.674E-090  -1.298E-140  -6.033E-141  -3.766E-141  -8.754E-141  -6.932E-141  -5.131E-141   3.788E-180   1.641E-219
 4.45   1.370E-005   3.925E-003   7.126E-002   3.124E-001   4.576E-001   1.529E-001   1.912E-003   9.018E-019   1.076E-034   9.490E-035   3.762E-035   2.120E-035   1.893E-035   2.234E-035   4.229E-035   1.704E-034   1.892E-034   4.760E-058  -6.058E-092  -1.952E-142  -9.476E-143  -5.547E-143  -1.393E-142  -1.140E-142  -7.282E-143   2.541E-182   5.878E-222
 4.40   3.482E-005   6.747E-003   8.542E-002   3.314E-001   4.415E-001   1.334E-001   1.555E-003   1.071E-019   2.158E-035   1.932E-035   7.648E-036   4.318E-036   3.709E-036   4.455E-036   8.836E-036   3.740E-035   3.566E-035   4.248E-059  -1.290E-093  -2.994E-144  -1.505E-144  -8.176E-145  -2.219E-144  -1.900E-144  -1.052E-144   2.163E-184   3.490E-224
 4.35   8.766E-005   1.098E-002   1.013E-001   3.506E-001   4.216E-001   1.142E-001   1.227E-003   1.088E-020   3.432E-036   3.101E-036   1.256E-036   7.157E-037   5.889E-037   7.215E-037   1.494E-036   6.659E-036   5.309E-036   2.635E-060  -9.108E-096  -9.460E-147  -5.865E-147  -2.982E-147  -8.636E-147  -7.176E-147  -1.519E-147  -7.263E-187  -1.827E-226
 4.30   2.217E-004   1.736E-002   1.205E-001   3.708E-001   3.960E-001   9.429E-002   9.150E-004   7.326E-022   3.687E-037   3.361E-037   1.346E-037   7.685E-038   6.024E-038   7.533E-038   1.626E-037   7.599E-037   4.929E-037   7.680E-062  -8.089E-099   6.747E-150   3.405E-150   1.466E-150   4.462E-150   3.522E-150   6.403E-151   5.450E-190   1.011E-229
 4.25   5.600E-004   2.730E-002   1.451E-001   3.917E-001   3.615E-001   7.316E-002   6.199E-004   2.901E-023   2.014E-038   1.836E-038   7.425E-039   4.278E-039   3.187E-039   4.079E-039   9.216E-039   4.487E-038   2.371E-038   1.103E-063  -2.348E-101   9.147E-153   5.129E-153   2.079E-153   6.913E-153   6.399E-153   1.266E-153   6.085E-193   6.463E-233
 4.20   1.398E-003   4.353E-002   1.782E-001   4.111E-001   3.142E-001   5.121E-002   3.580E-004   3.918E-025   3.486E-040   3.176E-040   1.296E-040   7.530E-041   5.310E-041   6.963E-041   1.653E-040   8.263E-040   3.391E-040   2.786E-066  -2.741E-105   3.079E-157   1.830E-157   6.759E-158   2.415E-157   2.387E-157   3.233E-158  -3.112E-198  -2.963E-238
 4.15   3.394E-003   7.141E-002   2.226E-001   4.214E-001   2.508E-001   3.030E-002   1.591E-004   1.351E-027   1.231E-042   1.120E-042   4.640E-043   2.727E-043   1.819E-043   2.449E-043   6.157E-043   3.117E-042   1.008E-042   1.735E-069  -4.946E-110  -2.674E-163  -1.619E-163  -5.538E-164  -2.152E-163  -2.473E-163  -6.108E-164   3.448E-204  -2.194E-244
 4.10   8.347E-003   1.201E-001   2.769E-001   4.076E-001   1.734E-001   1.372E-002   4.655E-005   1.100E-030   9.040E-046   8.175E-046   3.434E-046   2.039E-046   1.284E-046   1.778E-046   4.763E-046   2.394E-045   5.658E-046   2.313E-074   4.435E-115   2.061E-168   1.305E-168   3.901E-169   1.591E-168   1.604E-168  -1.595E-170   7.883E-210  -2.754E-250
 4.05   2.250E-002   1.993E-001   3.276E-001   3.509E-001   9.559E-002   4.149E-003   7.198E-006   5.068E-035   3.702E-050   3.518E-050   1.521E-050   9.117E-051   5.467E-051   7.836E-051   2.267E-050   1.131E-049   2.850E-050   9.982E-079   1.073E-120  -2.921E-174  -1.995E-174  -5.674E-175  -2.471E-174  -2.607E-174   2.826E-176  -2.297E-215   6.946E-256
 4.00   6.152E-002   3.049E-001   3.442E-001   2.504E-001   3.834E-002   7.166E-004   4.584E-007  -8.252E-040  -2.324E-056   8.935E-057   1.794E-056   1.484E-056   9.745E-057   1.554E-056   5.384E-056   3.521E-055   5.248E-055   1.430E-083  -2.149E-126   2.927E-180   2.068E-180   5.384E-181   2.554E-180   2.673E-180  -2.076E-182  -6.625E-222   3.297E-262
 3.95   1.404E-001   4.085E-001   3.007E-001   1.398E-001   1.042E-002   6.148E-005   9.359E-009   6.678E-046  -1.287E-061  -3.027E-061  -2.195E-061  -1.600E-061  -9.394E-062  -1.504E-061  -5.424E-061  -3.127E-060  -3.343E-060  -1.718E-090  -1.395E-132   8.305E-187   6.123E-187   1.506E-187   7.713E-187   7.802E-187  -3.249E-189   3.017E-229  -1.805E-269
 3.90   2.530E-001   4.741E-001   2.112E-001   5.978E-002   1.865E-003   2.478E-006   7.220E-011   1.897E-050  -9.538E-065  -8.530E-065  -3.862E-065  -2.420E-065  -1.232E-065  -1.955E-065  -7.082E-065  -3.033E-064  -2.747E-065   6.616E-096   8.486E-139  -2.648E-193  -2.028E-193  -4.745E-194  -2.628E-193  -2.477E-193   5.597E-196  -2.645E-237  -2.154E-277
 3.85   3.852E-001   4.759E-001   1.191E-001   1.957E-002   2.148E-004   4.185E-008   1.324E-013  -9.403E-057   5.469E-070   4.908E-070   2.260E-070   1.438E-070   6.982E-071   1.156E-070   4.481E-070   1.811E-069   1.659E-070  -1.225E-101   9.898E-147  -6.759E-201  -5.358E-201  -1.200E-201  -7.185E-201  -6.062E-201   1.403E-203  -2.933E-245  -6.846E-286
 3.80   5.247E-001   4.160E-001   5.443E-002   4.862E-003   1.532E-005   2.974E-010   8.770E-017   2.088E-062  -3.353E-075  -3.017E-075  -1.403E-075  -9.046E-076  -4.190E-076  -7.258E-076  -2.971E-075  -1.129E-074  -9.411E-076   1.983E-107  -6.658E-155  -5.427E-209  -4.478E-209  -9.639E-210  -6.230E-209  -4.478E-209   1.866E-211  -2.314E-253  -1.467E-294
 3.75   6.597E-001   3.193E-001   2.018E-002   8.835E-004   6.196E-007   6.033E-013   6.654E-021   1.909E-068  -3.109E-081  -2.791E-081  -1.294E-081  -8.415E-082  -3.708E-082  -6.737E-082  -2.856E-081  -1.011E-080  -4.107E-082   4.225E-115   6.825E-164   3.524E-218   2.978E-218   6.173E-219   4.302E-218   2.608E-218  -3.652E-221  -2.565E-263  -7.341E-300
 3.70   7.781E-001   2.158E-001   6.039E-003   1.103E-004   1.292E-008   5.354E-016  -4.893E-025  -9.994E-075   6.291E-088   5.643E-088   2.595E-088   1.702E-088   7.129E-089   1.363E-088   5.877E-088   1.949E-087  -2.710E-090   1.769E-122   1.126E-172   4.532E-227   3.970E-227   7.929E-228   5.915E-227   2.855E-227  -1.696E-230   2.668E-273  -7.341E-300
 3.65   8.697E-001   1.288E-001   1.471E-003   8.973E-006   1.261E-010   2.918E-020   3.920E-030   6.853E-082   1.140E-094   1.030E-094   4.713E-095   3.131E-095   1.249E-095   2.523E-095   1.091E-094   3.460E-094  -4.822E-097   2.588E-130  -1.239E-180  -4.951E-235  -4.574E-235  -8.938E-236  -7.084E-235  -2.838E-235   1.342E-238  -1.009E-281  -7.341E-300
 3.60   9.299E-001   6.975E-002   3.162E-004   5.133E-007   7.222E-013  -2.301E-024  -4.400E-034  -3.157E-088  -2.045E-101  -1.869E-101  -8.480E-102  -5.710E-102  -2.168E-102  -4.632E-102  -1.986E-101  -6.075E-101   1.414E-104   8.772E-138  -4.570E-189  -2.104E-243  -2.011E-243  -3.737E-244  -3.083E-243  -8.806E-244   2.777E-247  -5.226E-291  -7.341E-300
 3.55   9.621E-001   3.784E-002   7.565E-005   2.919E-008   1.827E-015  -2.984E-029  -2.693E-038  -2.281E-095  -7.810E-109  -7.196E-109  -3.218E-109  -2.195E-109  -7.934E-110  -1.792E-109  -7.593E-109  -2.243E-108   2.085E-112  -8.738E-147   2.293E-198   1.204E-252   1.204E-252   2.149E-253   1.810E-252   3.915E-253  -9.513E-257  -3.383E-300  -7.341E-300
 3.50   9.762E-001   2.372E-002   2.714E-005   3.304E-009   1.787E-017   1.422E-031  -6.617E-042   3.738E-100   1.060E-113   9.823E-114   4.313E-114   2.978E-114   1.027E-114   2.445E-114   1.029E-113   2.928E-113  -2.022E-117   3.657E-152  -1.439E-204  -9.138E-259  -9.536E-259  -1.618E-259  -1.352E-258  -2.159E-259   4.218E-263  -3.383E-300  -7.341E-300
 3.45   9.821E-001   1.785E-002   1.503E-005   8.840E-010   1.362E-018  -5.034E-033   1.864E-043   3.147E-103   8.734E-117   8.128E-117   3.497E-117   2.445E-117   8.088E-118   2.018E-117   8.541E-117   2.336E-116  -1.453E-120   1.871E-155  -3.038E-208  -2.205E-262  -2.415E-262  -3.943E-263  -3.165E-262  -4.205E-263   7.444E-267  -3.383E-300  -7.341E-300
 3.40   9.849E-001   1.511E-002   1.081E-005   4.142E-010   3.509E-019  -1.212E-034  -8.219E-045   3.442E-106   2.562E-119   2.432E-119   1.046E-119   7.380E-120   2.358E-120   6.108E-120   2.660E-119   7.426E-119  -6.424E-123   1.061E-157  -1.550E-210  -1.203E-264  -1.380E-264  -2.247E-265  -1.683E-264  -2.069E-265   3.546E-269  -3.383E-300  -7.341E-300
 3.35   9.865E-001   1.351E-002   8.733E-006   2.494E-010   1.455E-019  -1.715E-035  -4.911E-047  -5.340E-108  -3.624E-121  -3.313E-121  -1.340E-121  -9.506E-122  -2.934E-122  -7.863E-122  -3.553E-121  -8.310E-121   5.366E-125  -4.262E-160  -6.726E-214   3.568E-268   3.038E-268  -4.274E-269  -4.035E-268  -1.515E-268   3.084E-272  -3.383E-300  -7.341E-300
 3.30   9.876E-001   1.237E-002   7.423E-006   1.668E-010   7.310E-020  -3.801E-036  -2.430E-048   2.113E-109   1.263E-122   1.134E-122   4.419E-123   3.138E-123   9.445E-124   2.590E-123   1.252E-122   2.728E-122  -1.519E-126   8.671E-162   5.392E-216   2.662E-270   4.480E-270   8.889E-271   4.998E-270   9.499E-271  -1.743E-274  -3.383E-300  -7.341E-300
 3.25   9.885E-001   1.146E-002   6.469E-006   1.172E-010   4.025E-020  -1.029E-036  -1.981E-049  -1.583E-110  -9.232E-124  -8.201E-124  -3.097E-124  -2.193E-124  -6.451E-125  -1.794E-124  -9.418E-124  -1.908E-123   1.004E-127  -5.028E-163  -2.140E-217  -1.875E-271  -2.650E-271  -4.498E-272  -2.133E-271  -3.309E-272   5.839E-276  -3.383E-300  -7.341E-300
 3.20   9.893E-001   1.069E-002   5.724E-006   8.475E-011   2.340E-020  -3.119E-037  -2.100E-050   1.462E-111   8.731E-125   7.659E-125   2.793E-125   1.970E-125   5.697E-126   1.601E-125   9.301E-125   1.722E-124  -8.766E-129   4.035E-164   1.299E-218   1.614E-272   2.138E-272   3.469E-273   1.315E-272   1.746E-273  -2.986E-277  -3.383E-300  -7.341E-300
 3.15   9.900E-001   1.003E-002   5.120E-006   6.251E-011   1.413E-020  -1.023E-037  -2.692E-051  -1.366E-112  -8.682E-126  -7.537E-126  -2.654E-126  -1.863E-126  -5.320E-127  -1.505E-126  -9.802E-126  -1.637E-125   8.171E-130  -3.537E-165  -9.122E-220  -1.528E-273  -1.902E-273  -3.081E-274  -8.995E-274  -1.046E-274   1.740E-278  -3.383E-300  -7.341E-300
 3.10   9.905E-001   9.457E-003   4.619E-006   4.679E-011   8.791E-021  -3.563E-038  -3.992E-052   1.184E-113   8.345E-127   7.219E-127   2.462E-127   1.719E-127   4.858E-128   1.380E-127   1.015E-126   1.523E-126  -7.543E-131   3.125E-166   6.771E-221   1.501E-274   1.720E-274   2.878E-275   6.279E-275   6.512E-276  -1.057E-279  -3.383E-300  -7.341E-300
 3.05   9.910E-001   8.949E-003   4.196E-006   3.543E-011   5.603E-021  -1.302E-038  -6.638E-053  -8.881E-115  -7.253E-128  -6.346E-128  -2.114E-128  -1.470E-128  -4.121E-129  -1.174E-128  -9.759E-128  -1.336E-127   6.636E-132  -2.673E-167  -5.076E-222  -1.469E-275  -1.512E-275  -2.693E-276  -4.304E-276  -4.033E-277   6.402E-281  -3.383E-300  -7.341E-300
 3.00   9.915E-001   8.499E-003   3.832E-006   2.707E-011   3.643E-021  -4.946E-039  -1.209E-053   5.327E-116   5.173E-129   4.750E-129   1.587E-129   1.104E-129   3.084E-130   8.808E-130   8.238E-129   1.078E-128  -5.433E-133   2.161E-168   3.734E-223   1.383E-276   1.256E-276   2.439E-277   2.836E-277   2.429E-278  -3.781E-282  -3.383E-300  -7.341E-300
 2.95   9.919E-001   8.097E-003   3.514E-006   2.083E-011   2.408E-021  -1.936E-039  -2.365E-054  -2.256E-117  -2.245E-130  -2.533E-130  -9.408E-131  -6.684E-131  -1.882E-131  -5.402E-131  -5.636E-130  -7.878E-130   4.081E-134  -1.629E-169  -2.644E-224  -1.217E-277  -9.719E-278  -2.079E-278  -1.777E-278  -1.405E-279   2.149E-283  -3.383E-300  -7.341E-300
 2.90   9.923E-001   7.736E-003   3.235E-006   1.611E-011   1.614E-021  -7.755E-040  -4.887E-055   5.112E-119  -9.103E-132   1.227E-132   3.066E-132   2.507E-132   7.572E-133   2.215E-132   2.608E-131   5.174E-131  -2.792E-135   1.138E-170   1.781E-225   9.806E-279   6.979E-279   1.636E-279   1.054E-279   7.756E-281  -1.169E-284  -3.383E-300  -7.341E-300
 2.85   9.926E-001   7.409E-003   2.986E-006   1.250E-011   1.093E-021  -3.161E-040  -1.052E-055  -7.534E-122   3.310E-132   1.836E-132   1.721E-133   5.769E-134   5.597E-135   8.850E-135  -1.320E-133  -3.051E-132   1.740E-136  -7.373E-172  -1.135E-226  -7.178E-280  -4.668E-280  -1.179E-280  -5.931E-281  -4.093E-282   6.089E-286  -3.383E-300  -7.341E-300
 2.80   9.929E-001   7.112E-003   2.762E-006   9.725E-012   7.472E-022  -1.302E-040  -2.325E-056  -1.401E-123  -4.186E-133  -2.899E-133  -4.435E-134  -2.294E-134  -4.999E-135  -1.344E-134  -1.255E-133   1.757E-133  -1.076E-137   4.858E-173   7.542E-228   5.078E-281   3.201E-281   8.516E-282   3.618E-282   2.385E-283  -3.517E-287  -3.383E-300  -7.341E-300
 2.75   9.932E-001   6.839E-003   2.559E-006   7.571E-012   5.139E-022  -5.388E-041  -5.198E-057  -5.176E-125   3.227E-134   2.968E-134   5.721E-135   3.127E-135   7.134E-136   1.945E-135   1.839E-134  -1.100E-134   7.331E-139  -3.615E-174  -5.801E-229  -3.774E-282  -2.499E-282  -6.928E-283  -2.718E-283  -1.751E-284   2.571E-288  -3.383E-300  -7.341E-300
 2.70   9.934E-001   6.588E-003   2.373E-006   5.891E-012   3.550E-022  -2.229E-041  -1.165E-057  -2.925E-126  -1.868E-136  -1.703E-135  -5.677E-136  -3.265E-136  -7.650E-137  -2.096E-136  -1.900E-135   7.096E-136  -5.183E-140   2.833E-175   4.747E-230   2.816E-283   2.065E-283   5.966E-284   2.237E-284   1.420E-285  -2.079E-289  -3.383E-300  -7.341E-300
 2.65   9.936E-001   6.353E-003   2.201E-006   4.576E-012   2.458E-022  -9.176E-042  -2.589E-058  -2.201E-127  -3.427E-136  -7.504E-137   4.202E-137   2.792E-137   6.954E-138   1.922E-137   1.643E-136  -4.526E-137   3.638E-141  -2.219E-176  -3.892E-231  -2.034E-284  -1.709E-284  -5.151E-285  -1.857E-285  -1.163E-286   1.699E-290  -3.383E-300  -7.341E-300
 2.60   9.939E-001   6.132E-003   2.042E-006   3.544E-012   1.702E-022  -3.738E-042  -5.653E-059  -2.013E-128   3.887E-137   2.858E-137  -1.390E-138  -1.863E-138  -5.560E-139  -1.568E-138  -1.229E-137   2.740E-138  -2.424E-142   1.650E-177   3.016E-232   1.396E-285   1.346E-285   4.213E-286   1.432E-286   8.813E-288  -1.285E-291  -3.383E-300  -7.341E-300
 2.55   9.941E-001   5.922E-003   1.893E-006   2.733E-012   1.175E-022  -1.496E-042  -1.200E-059  -2.100E-129  -6.454E-140  -2.635E-138  -2.086E-139   7.998E-140   4.161E-140   1.203E-139   7.819E-139  -1.495E-139   1.449E-143  -1.088E-178  -2.045E-233  -9.275E-287  -9.460E-287  -3.016E-287  -9.152E-288  -5.457E-289   7.925E-293  -3.383E-300  -7.341E-300
 2.50   9.943E-001   5.721E-003   1.753E-006   2.096E-012   8.086E-023  -5.839E-043  -2.439E-060  -2.338E-130  -2.566E-139   1.002E-139   5.445E-140   1.989E-141  -3.097E-141  -9.215E-141  -4.730E-140   8.096E-141  -8.526E-145   6.951E-180   1.325E-234   6.584E-288   6.453E-288   2.032E-288   5.316E-289   3.039E-290  -4.394E-294  -3.383E-300  -7.341E-300
 2.45   9.945E-001   5.527E-003   1.621E-006   1.596E-012   5.530E-023  -2.207E-043  -4.648E-061  -2.638E-131   1.964E-140   1.393E-141  -8.201E-141  -1.337E-141   2.135E-142   7.039E-142   3.104E-141  -4.911E-142   5.549E-146  -4.848E-181  -9.316E-236  -5.259E-289  -4.779E-289  -1.453E-289  -3.307E-290  -1.815E-291   2.616E-295  -3.383E-300  -7.341E-300
 2.40   9.947E-001   5.338E-003   1.496E-006   1.205E-012   3.751E-023  -8.008E-044  -8.155E-062  -2.915E-132  -1.199E-141  -1.087E-141   8.882E-142   2.793E-142  -9.246E-144  -5.216E-143  -2.250E-142   3.363E-143  -4.027E-147   3.716E-182   7.140E-237   4.715E-290   3.848E-290   1.108E-290   2.212E-291   1.167E-292  -1.677E-296  -3.383E-300  -7.341E-300
 2.35   9.948E-001   5.153E-003   1.377E-006   9.001E-013   2.515E-023  -2.762E-044  -1.287E-062  -3.065E-133   1.680E-143   1.620E-142  -5.837E-143  -4.466E-143  -1.262E-144   3.218E-144   1.806E-143  -2.587E-144   3.246E-148  -3.117E-183  -5.942E-238  -4.665E-291  -3.344E-291  -8.995E-292  -1.582E-292  -8.030E-294   1.152E-297  -3.383E-300  -7.341E-300
 2.30   9.950E-001   4.969E-003   1.263E-006   6.640E-013   1.662E-023  -8.957E-045  -1.781E-063  -2.983E-134   1.057E-143  -1.504E-143  -3.677E-145   5.777E-144   5.606E-145  -6.426E-146  -1.583E-144   2.196E-145  -2.858E-149   2.814E-184   5.282E-239   4.952E-292   3.076E-292   7.640E-293   1.188E-293   5.811E-295  -1.380E-298  -3.383E-300  -7.341E-300
 2.25   9.952E-001   4.787E-003   1.155E-006   4.827E-013   1.080E-023  -2.698E-045  -2.092E-064  -2.623E-135  -2.045E-144   8.302E-145   7.050E-145  -5.944E-145  -1.300E-145  -2.442E-146   1.471E-145  -1.993E-146   2.664E-150  -2.652E-185  -4.857E-240  -5.422E-293  -2.894E-293  -6.577E-294  -9.065E-295  -4.274E-296   1.199E-299  -3.383E-300  -7.341E-300
 2.20   9.954E-001   4.606E-003   1.051E-006   3.450E-013   6.876E-024  -7.450E-046  -2.017E-065  -2.044E-136   2.417E-145   5.605E-147  -1.190E-145   4.610E-146   2.187E-146   5.273E-147  -1.379E-146   1.836E-147  -2.496E-151   2.472E-186   4.375E-241   5.781E-294   2.632E-294   5.417E-295   6.614E-296   3.007E-297   1.199E-299  -3.383E-300  -7.341E-300
 2.15   9.956E-001   4.424E-003   9.511E-007   2.418E-013   4.274E-024  -1.862E-046  -1.547E-066  -1.401E-137  -2.161E-146  -8.481E-147   1.341E-146  -2.249E-147  -2.733E-147  -6.441E-148   1.195E-147  -1.575E-148   2.154E-152  -2.077E-187  -3.501E-242  -5.457E-295  -2.087E-295  -3.836E-296  -4.122E-297  -1.805E-298   1.199E-299  -3.383E-300  -7.341E-300
 2.10   9.958E-001   4.241E-003   8.558E-007   1.657E-013   2.583E-024  -4.166E-047  -9.329E-068  -8.599E-139   1.428E-147   1.180E-147  -1.080E-147   2.193E-149   2.470E-148   4.440E-149  -8.114E-149   1.069E-149  -1.443E-153   1.300E-188   2.021E-243   3.755E-296   1.154E-296   1.827E-297   1.666E-298   8.503E-300   1.199E-299  -3.383E-300  -7.341E-300
 2.05   9.959E-001   4.056E-003   7.647E-007   1.107E-013   1.512E-024  -8.198E-048  -4.166E-069  -4.586E-140  -7.213E-149  -9.527E-149   6.614E-149   3.257E-150  -1.648E-149  -9.761E-151   3.849E-150  -5.169E-151   6.649E-155  -5.135E-190  -6.834E-245  -1.544E-297  -3.416E-298  -4.170E-299  -3.542E-300   8.503E-300   1.199E-299  -3.383E-300  -7.341E-300
 2.00   9.961E-001   3.869E-003   6.780E-007   7.182E-014   8.528E-025  -1.374E-048  -1.018E-070  -1.815E-141   3.595E-150   6.539E-150  -4.068E-150  -1.880E-151   1.009E-150  -4.750E-152  -1.710E-151   2.373E-152  -2.854E-156   1.803E-191   1.976E-246   5.166E-299   8.158E-300  -4.170E-299  -3.542E-300   8.503E-300   1.199E-299  -3.383E-300  -7.341E-300
 1.95   9.963E-001   3.681E-003   5.958E-007   4.516E-014   4.620E-025  -1.927E-049  -8.680E-073  -5.179E-143  -1.959E-151  -3.860E-151   2.402E-151  -3.183E-153  -5.249E-152   7.415E-153   6.554E-153  -9.566E-154   1.055E-157  -5.201E-193  -4.499E-248   5.166E-299   8.158E-300  -4.170E-299  -3.542E-300   8.503E-300   1.199E-299  -3.383E-300  -7.341E-300
 1.90   9.965E-001   3.491E-003   5.185E-007   2.744E-014   2.395E-025  -2.245E-050   1.059E-075  -1.121E-144   1.159E-152   1.777E-152  -1.186E-152   1.261E-153   1.979E-153  -4.711E-154  -1.847E-154   2.916E-155  -2.882E-159   1.042E-194   6.755E-250   5.166E-299   8.158E-300  -4.170E-299  -3.542E-300   8.503E-300   1.199E-299  -3.383E-300  -7.341E-300
 1.85   9.967E-001   3.300E-003   4.467E-007   1.607E-014   1.183E-025  -2.134E-051  -8.120E-078  -1.806E-146  -6.496E-154  -5.624E-154   4.339E-154  -9.587E-155  -4.340E-155   1.706E-155   3.108E-156  -5.672E-157   4.791E-161  -1.113E-196  -4.743E-252   5.166E-299   8.158E-300  -4.170E-299  -3.542E-300   8.503E-300   1.199E-299  -3.383E-300  -7.341E-300
 1.80   9.969E-001   3.109E-003   3.810E-007   9.124E-015   5.627E-026  -1.411E-052   4.388E-079   3.039E-148   6.425E-155   6.185E-155  -4.646E-155   1.045E-155   4.347E-156  -1.796E-156  -2.877E-157   5.434E-158  -4.437E-162   9.310E-198   3.611E-253   5.166E-299   8.158E-300  -4.170E-299  -3.542E-300   8.503E-300   1.199E-299  -3.383E-300  -7.341E-300
 1.75   9.971E-001   2.919E-003   3.212E-007   4.980E-015   2.539E-026  -7.298E-054  -2.151E-080  -4.425E-150  -5.579E-156  -4.617E-156   3.599E-156  -9.215E-157  -2.630E-157   1.314E-157   1.632E-158  -3.333E-159   2.555E-163  -4.500E-199  -1.498E-254   5.166E-299   8.158E-300  -4.170E-299  -3.542E-300   8.503E-300   1.199E-299  -3.383E-300  -7.341E-300
 1.70   9.973E-001   2.731E-003   2.675E-007   2.609E-015   1.084E-026  -2.515E-055   1.136E-081   8.846E-152   4.693E-157   2.785E-157  -2.372E-157   7.181E-158   1.074E-158  -7.873E-159  -6.850E-160   1.599E-160  -1.121E-164   1.543E-200   4.142E-256   5.166E-299   8.158E-300  -4.170E-299  -3.542E-300   8.503E-300   1.199E-299  -3.383E-300  -7.341E-300
 1.65   9.975E-001   2.547E-003   2.201E-007   1.310E-015   4.378E-027  -4.539E-057  -6.652E-083  -2.394E-153  -3.787E-158  -1.481E-158   1.442E-158  -5.102E-159  -2.488E-160   4.264E-160   2.431E-161  -6.925E-162   4.384E-166  -4.541E-202  -9.496E-258   5.166E-299   8.158E-300  -4.170E-299  -3.542E-300   8.503E-300   1.199E-299  -3.383E-300  -7.341E-300
 1.60   9.976E-001   2.366E-003   1.789E-007   6.306E-016   1.669E-027  -2.035E-059   4.112E-084   7.759E-155   2.826E-159   6.555E-160  -7.926E-160   3.257E-160  -8.280E-162  -2.074E-161  -6.936E-163   2.708E-163  -1.530E-167   1.153E-203   1.821E-259   5.166E-299   8.158E-300  -4.170E-299  -3.542E-300   8.503E-300   1.199E-299  -3.383E-300  -7.341E-300
 1.55   9.978E-001   2.191E-003   1.435E-007   2.905E-016   5.990E-028   1.407E-061  -2.608E-085  -2.847E-156  -1.924E-160  -2.074E-161   3.881E-161  -1.865E-161   1.522E-162   9.083E-163   1.366E-164  -9.612E-165   4.802E-169  -2.559E-205  -2.967E-261   5.166E-299   8.158E-300  -4.170E-299  -3.542E-300   8.503E-300   1.199E-299  -3.383E-300  -7.341E-300
 1.50   9.980E-001   2.022E-003   1.135E-007   1.278E-016   2.019E-028  -2.362E-063   1.669E-086   1.154E-157   1.192E-161   8.349E-164  -1.657E-162   9.632E-163  -1.220E-163  -3.608E-164  -2.213E-167   3.123E-166  -1.369E-170   5.033E-207   4.190E-263   5.166E-299   8.158E-300  -4.170E-299  -3.542E-300   8.503E-300   1.199E-299  -3.383E-300  -7.341E-300
 1.45   9.981E-001   1.859E-003   8.845E-008   5.359E-017   6.362E-029   6.053E-065  -1.066E-087  -5.108E-159  -6.726E-163   5.443E-164   5.858E-164  -4.506E-164   7.482E-165   1.310E-165  -1.418E-167  -9.361E-168   3.578E-172  -8.891E-209  -5.208E-265   5.166E-299   8.158E-300  -4.170E-299  -3.542E-300   8.503E-300   1.199E-299  -3.383E-300  -7.341E-300
 1.40   9.983E-001   1.703E-003   6.783E-008   2.129E-017   1.860E-029  -2.040E-066   6.732E-089   2.460E-160   3.440E-164  -5.726E-165  -1.416E-165   1.905E-165  -3.915E-166  -4.363E-167   8.746E-169   2.594E-169  -8.592E-174   1.415E-210   5.719E-267   5.166E-299   8.158E-300  -4.170E-299  -3.542E-300   8.503E-300   1.199E-299  -3.383E-300  -7.341E-300
 1.35   9.984E-001   1.553E-003   5.110E-008   7.971E-018   5.006E-030   8.374E-068  -4.152E-090  -1.281E-161  -1.568E-165   4.130E-166  -6.917E-168  -7.164E-167   1.811E-167   1.324E-168  -3.665E-170  -6.587E-171   1.878E-175  -2.001E-212  -5.449E-269   5.166E-299   8.158E-300  -4.170E-299  -3.542E-300   8.503E-300   1.199E-299  -3.383E-300  -7.341E-300
 1.30   9.986E-001   1.410E-003   3.774E-008   2.792E-018   1.226E-030  -3.977E-069   2.458E-091   7.132E-163   6.110E-167  -2.441E-167   3.637E-168   2.294E-168  -7.443E-169  -3.594E-170   1.230E-171   1.500E-172  -3.646E-177   2.431E-214   4.292E-271   5.166E-299   8.158E-300  -4.170E-299  -3.542E-300   8.503E-300   1.199E-299  -3.383E-300  -7.341E-300
 1.25   9.987E-001   1.274E-003   2.727E-008   9.078E-019   2.700E-031   2.093E-070  -1.364E-092  -4.172E-164  -1.844E-168   1.224E-168  -2.837E-169  -5.647E-170   2.689E-170   8.479E-172  -3.392E-173  -2.966E-174   6.063E-179  -2.405E-216  -2.583E-273   5.166E-299   8.158E-300  -4.170E-299  -3.542E-300   8.503E-300   1.199E-299  -3.383E-300  -7.341E-300
 1.20   9.989E-001   1.145E-003   1.925E-008   2.722E-019   5.290E-032  -1.176E-071   6.919E-094   2.511E-165   3.029E-170  -5.198E-170   1.528E-170   7.258E-172  -8.404E-172  -1.688E-173   7.650E-175   4.929E-176  -8.327E-181   1.832E-218   1.078E-275   5.166E-299   8.158E-300  -4.170E-299  -3.542E-300   8.503E-300   1.199E-299  -3.383E-300  -7.341E-300
 1.15   9.990E-001   1.023E-003   1.324E-008   7.483E-020   9.136E-033   6.861E-073  -3.156E-095  -1.528E-166   7.463E-172   1.850E-171  -6.518E-172   1.821E-173   2.258E-173   2.794E-175  -1.407E-176  -6.787E-178   9.284E-183  -1.037E-220  -2.848E-278   5.166E-299   8.158E-300  -4.170E-299  -3.542E-300   8.503E-300   1.199E-299  -3.383E-300  -7.341E-300
 1.10   9.991E-001   9.091E-004   8.868E-009   1.873E-020   1.374E-033  -4.108E-074   1.294E-096   9.354E-168  -8.818E-173  -5.469E-173   2.334E-173  -1.666E-174  -5.294E-175  -3.898E-177   2.154E-178   7.870E-180  -8.550E-185   4.409E-223   4.516E-281   5.166E-299   8.158E-300  -4.170E-299  -3.542E-300   8.503E-300   1.199E-299  -3.383E-300  -7.341E-300
 1.05   9.992E-001   8.029E-004   5.771E-009   4.227E-021   1.771E-034   2.525E-075  -4.847E-098  -5.787E-169   4.497E-174   1.300E-174  -7.374E-175   7.247E-176   1.122E-176   4.771E-179  -2.873E-180  -8.044E-182   6.844E-187  -1.512E-225  -4.537E-284   5.166E-299   8.158E-300  -4.170E-299  -3.542E-300   8.503E-300   1.199E-299  -3.383E-300  -7.341E-300
 1.00   9.993E-001   7.045E-004   3.644E-009   8.535E-022   1.919E-035  -1.599E-076   1.688E-099   3.643E-170  -1.705E-175  -2.030E-176   2.143E-176  -2.482E-177  -2.231E-178  -5.371E-181   3.512E-182   7.655E-184  -5.079E-189   4.686E-228   3.773E-287   5.166E-299   8.158E-300  -4.170E-299  -3.542E-300   8.503E-300   1.199E-299  -3.383E-300  -7.341E-300
 0.95   9.994E-001   6.137E-004   2.217E-009   1.445E-022   1.539E-036   7.750E-078  -1.673E-101  -1.659E-171   1.180E-177  -5.226E-178  -1.210E-178   1.888E-179  -1.100E-183  -2.443E-183   1.448E-184   3.950E-186  -3.001E-191   3.262E-230   2.682E-289   5.166E-299   8.158E-300  -4.170E-299  -3.542E-300   8.503E-300   1.199E-299  -3.383E-300  -7.341E-300
