 9.00  -1.110E-016  -1.561E-017   0.000E+000  -3.721E-017   9.445E-017   3.018E-015   5.749E-010   2.090E-005   1.000E+000
 8.95   1.015E-050   4.314E-042   2.322E-034   1.947E-027   5.403E-021   4.688E-015   7.770E-010   2.486E-005   1.000E+000
 8.90   2.936E-050   1.100E-041   5.226E-034   3.865E-027   9.469E-021   7.223E-015   1.050E-009   2.955E-005   1.000E+000
 8.85   8.484E-050   2.803E-041   1.175E-033   7.665E-027   1.658E-020   1.112E-014   1.418E-009   3.507E-005   1.000E+000
 8.80   2.451E-049   7.140E-041   2.641E-033   1.519E-026   2.899E-020   1.709E-014   1.913E-009   4.158E-005   1.000E+000
 8.75   7.088E-049   1.821E-040   5.939E-033   3.013E-026   5.069E-020   2.627E-014   2.581E-009   4.920E-005   1.000E+000
 8.70   2.044E-048   4.631E-040   1.333E-032   5.962E-026   8.850E-020   4.034E-014   3.477E-009   5.813E-005   9.999E-001
 8.65   5.898E-048   1.179E-039   2.993E-032   1.180E-025   1.545E-019   6.189E-014   4.679E-009   6.854E-005   9.999E-001
 8.60   1.703E-047   3.002E-039   6.719E-032   2.336E-025   2.694E-019   9.480E-014   6.285E-009   8.063E-005   9.999E-001
 8.55   4.915E-047   7.642E-039   1.509E-031   4.620E-025   4.695E-019   1.452E-013   8.437E-009   9.465E-005   9.999E-001
 8.50   1.419E-046   1.945E-038   3.385E-031   9.131E-025   8.172E-019   2.219E-013   1.130E-008   1.108E-004   9.999E-001
 8.45   4.091E-046   4.947E-038   7.587E-031   1.802E-024   1.420E-018   3.388E-013   1.512E-008   1.294E-004   9.999E-001
 8.40   1.180E-045   1.258E-037   1.700E-030   3.554E-024   2.466E-018   5.165E-013   2.019E-008   1.507E-004   9.998E-001
 8.35   3.407E-045   3.203E-037   3.811E-030   7.013E-024   4.281E-018   7.869E-013   2.693E-008   1.752E-004   9.998E-001
 8.30   9.859E-045   8.175E-037   8.560E-030   1.385E-023   7.436E-018   1.199E-012   3.590E-008   2.032E-004   9.998E-001
 8.25   2.857E-044   2.089E-036   1.925E-029   2.740E-023   1.292E-017   1.827E-012   4.786E-008   2.353E-004   9.998E-001
 8.20   8.290E-044   5.343E-036   4.331E-029   5.417E-023   2.246E-017   2.785E-012   6.378E-008   2.721E-004   9.997E-001
 8.15   2.413E-043   1.371E-035   9.771E-029   1.073E-022   3.909E-017   4.248E-012   8.502E-008   3.144E-004   9.997E-001
 8.10   7.062E-043   3.535E-035   2.213E-028   2.135E-022   6.823E-017   6.492E-012   1.135E-007   3.630E-004   9.996E-001
 8.05   2.075E-042   9.151E-035   5.030E-028   4.256E-022   1.193E-016   9.941E-012   1.517E-007   4.188E-004   9.996E-001
 8.00   6.115E-042   2.375E-034   1.146E-027   8.501E-022   2.090E-016   1.524E-011   2.029E-007   4.833E-004   9.995E-001
 7.95   1.813E-041   6.200E-034   2.622E-027   1.705E-021   3.675E-016   2.344E-011   2.721E-007   5.576E-004   9.994E-001
 7.90   5.399E-041   1.625E-033   6.026E-027   3.432E-021   6.479E-016   3.612E-011   3.656E-007   6.435E-004   9.994E-001
 7.85   1.617E-040   4.283E-033   1.391E-026   6.935E-021   1.146E-015   5.584E-011   4.924E-007   7.430E-004   9.993E-001
 7.80   4.880E-040   1.137E-032   3.231E-026   1.409E-020   2.036E-015   8.665E-011   6.656E-007   8.588E-004   9.991E-001
 7.75   1.483E-039   3.037E-032   7.548E-026   2.876E-020   3.634E-015   1.350E-010   9.031E-007   9.939E-004   9.990E-001
 7.70   4.540E-039   8.172E-032   1.775E-025   5.906E-020   6.519E-015   2.113E-010   1.230E-006   1.152E-003   9.988E-001
 7.65   1.403E-038   2.217E-031   4.204E-025   1.221E-019   1.176E-014   3.322E-010   1.684E-006   1.338E-003   9.987E-001
 7.60   4.379E-038   6.075E-031   1.005E-024   2.542E-019   2.135E-014   5.258E-010   2.318E-006   1.559E-003   9.984E-001
 7.55   1.379E-037   1.677E-030   2.419E-024   5.330E-019   3.899E-014   8.365E-010   3.212E-006   1.821E-003   9.982E-001
 7.50   4.390E-037   4.681E-030   5.877E-024   1.127E-018   7.173E-014   1.340E-009   4.481E-006   2.135E-003   9.979E-001
 7.45   1.418E-036   1.324E-029   1.446E-023   2.407E-018   1.332E-013   2.167E-009   6.304E-006   2.514E-003   9.975E-001
 7.40   4.632E-036   3.787E-029   3.592E-023   5.191E-018   2.494E-013   3.530E-009   8.945E-006   2.974E-003   9.970E-001
 7.35   1.534E-035   1.096E-028   9.023E-023   1.130E-017   4.709E-013   5.798E-009   1.281E-005   3.538E-003   9.964E-001
 7.30   5.154E-035   3.219E-028   2.295E-022   2.489E-017   8.982E-013   9.616E-009   1.854E-005   4.234E-003   9.957E-001
 7.25   1.758E-034   9.585E-028   5.915E-022   5.544E-017   1.731E-012   1.611E-008   2.714E-005   5.103E-003   9.949E-001
 7.20   6.106E-034   2.903E-027   1.548E-021   1.252E-016   3.378E-012   2.731E-008   4.025E-005   6.200E-003   9.938E-001
 7.15   2.159E-033   8.941E-027   4.113E-021   2.867E-016   6.676E-012   4.690E-008   6.056E-005   7.596E-003   9.923E-001
 7.10   7.754E-033   2.795E-026   1.107E-020   6.641E-016   1.333E-011   8.132E-008   9.225E-005   9.390E-003   9.905E-001
 7.05   2.846E-032   8.915E-026   3.036E-020   1.563E-015   2.699E-011   1.430E-007   1.429E-004   1.174E-002   9.881E-001
 7.00   1.067E-031   2.901E-025   8.480E-020   3.742E-015   5.550E-011   2.553E-007   2.254E-004   1.484E-002   9.849E-001
 6.95   4.093E-031   9.647E-025   2.414E-019   9.115E-015   1.159E-010   4.625E-007   3.625E-004   1.902E-002   9.806E-001
 6.90   1.609E-030   3.283E-024   7.022E-019   2.263E-014   2.462E-010   8.513E-007   5.947E-004   2.471E-002   9.747E-001
 6.85   6.500E-030   1.146E-023   2.090E-018   5.735E-014   5.319E-010   1.593E-006   9.970E-004   3.257E-002   9.664E-001
 6.80   2.701E-029   4.107E-023   6.369E-018   1.485E-013   1.171E-009   3.034E-006   1.712E-003   4.363E-002   9.547E-001
 6.75   1.155E-028   1.512E-022   1.989E-017   3.932E-013   2.627E-009   5.873E-006   3.008E-003   5.935E-002   9.376E-001
 6.70   5.107E-028   5.745E-022   6.392E-017   1.068E-012   6.025E-009   1.159E-005   5.430E-003   8.212E-002   9.124E-001
 6.65   2.329E-027   2.248E-021   2.109E-016   2.971E-012   1.408E-008   2.325E-005   1.004E-002   1.151E-001   8.749E-001
 6.60   1.090E-026   9.006E-021   7.108E-016   8.410E-012   3.334E-008   4.702E-005   1.892E-002   1.619E-001   8.191E-001
 6.55   5.183E-026   3.656E-020   2.421E-015   2.397E-011   7.911E-008   9.474E-005   3.586E-002   2.257E-001   7.384E-001
 6.50   2.469E-025   1.484E-019   8.221E-015   6.794E-011   1.856E-007   1.874E-004   6.748E-002   3.069E-001   6.254E-001
 6.45   1.158E-024   5.918E-019   2.734E-014   1.878E-010   4.226E-007   3.568E-004   1.236E-001   3.972E-001   4.789E-001
 6.40   5.213E-024   2.258E-018   8.680E-014   4.937E-010   9.092E-007   6.356E-004   2.141E-001   4.706E-001   3.147E-001
 6.35   2.178E-023   7.977E-018   2.542E-013   1.192E-009   1.786E-006   1.022E-003   3.380E-001   4.880E-001   1.730E-001
 6.30   8.356E-023   2.580E-017   6.798E-013   2.617E-009   3.168E-006   1.466E-003   4.800E-001   4.356E-001   8.290E-002
 6.25   2.998E-022   7.784E-017   1.689E-012   5.312E-009   5.156E-006   1.902E-003   6.174E-001   3.431E-001   3.759E-002
 6.20   1.030E-021   2.240E-016   3.989E-012   1.021E-008   7.885E-006   2.283E-003   7.299E-001   2.507E-001   1.707E-002
 6.15   3.532E-021   6.421E-016   9.342E-012   1.937E-008   1.180E-005   2.642E-003   8.162E-001   1.735E-001   7.608E-003
 6.10   1.253E-020   1.897E-015   2.247E-011   3.753E-008   1.791E-005   3.049E-003   8.807E-001   1.131E-001   3.163E-003
 6.05   4.735E-020   5.945E-015   5.703E-011   7.637E-008   2.830E-005   3.600E-003   9.261E-001   6.909E-002   1.206E-003
 6.00   1.941E-019   2.014E-014   1.559E-010   1.663E-007   4.739E-005   4.423E-003   9.549E-001   4.015E-002   4.375E-004
 5.95   8.748E-019   7.473E-014   4.644E-010   3.918E-007   8.497E-005   5.709E-003   9.714E-001   2.265E-002   1.577E-004
 5.90   4.343E-018   3.043E-013   1.509E-009   1.000E-006   1.633E-004   7.743E-003   9.795E-001   1.251E-002   5.711E-005
 5.85   2.379E-017   1.361E-012   5.365E-009   2.770E-006   3.364E-004   1.100E-002   9.819E-001   6.780E-003   2.067E-005
 5.80   1.437E-016   6.696E-012   2.083E-008   8.307E-006   7.394E-004   1.625E-002   9.794E-001   3.640E-003   7.494E-006
 5.75   9.519E-016   3.597E-011   8.783E-008   2.681E-005   1.726E-003   2.482E-002   9.715E-001   1.962E-003   2.760E-006
 5.70   6.989E-015   2.135E-010   4.060E-007   9.382E-005   4.289E-003   3.919E-002   9.554E-001   1.069E-003   1.040E-006
 5.65   5.630E-014   1.385E-009   2.038E-006   3.525E-004   1.123E-002   6.334E-002   9.245E-001   5.878E-004   3.989E-007
 5.60   4.771E-013   9.426E-009   1.064E-005   1.359E-003   2.953E-002   9.972E-002   8.690E-001   3.301E-004   1.589E-007
 5.55   3.837E-012   6.067E-008   5.206E-005   4.840E-003   7.023E-002   1.380E-001   7.867E-001   1.978E-004   7.047E-008
 5.50   2.680E-011   3.379E-007   2.185E-004   1.453E-002   1.375E-001   1.534E-001   6.942E-001   1.314E-004   3.690E-008
 5.45   1.596E-010   1.600E-006   7.715E-004   3.601E-002   2.162E-001   1.365E-001   6.105E-001   9.586E-005   2.244E-008
 5.40   8.350E-010   6.634E-006   2.354E-003   7.550E-002   2.775E-001   1.034E-001   5.411E-001   7.437E-005   1.506E-008
 5.35   3.963E-009   2.487E-005   6.412E-003   1.383E-001   2.992E-001   7.191E-002   4.841E-001   5.976E-005   1.069E-008
 5.30   1.727E-008   8.544E-005   1.579E-002   2.235E-001   2.755E-001   4.938E-002   4.357E-001   4.891E-005   7.823E-009
 5.25   6.932E-008   2.697E-004   3.518E-002   3.159E-001   2.195E-001   3.579E-002   3.933E-001   4.037E-005   5.807E-009
 5.20   2.580E-007   7.874E-004   7.123E-002   3.900E-001   1.543E-001   2.838E-002   3.553E-001   3.343E-005   4.335E-009
 5.15   8.884E-007   2.123E-003   1.310E-001   4.223E-001   9.943E-002   2.438E-002   3.207E-001   2.769E-005   3.241E-009
 5.10   2.782E-006   5.202E-003   2.152E-001   4.061E-001   6.232E-002   2.199E-002   2.892E-001   2.292E-005   2.424E-009
 5.05   7.938E-006   1.159E-002   3.135E-001   3.533E-001   4.090E-002   2.036E-002   2.604E-001   1.895E-005   1.811E-009
 5.00   2.085E-005   2.375E-002   4.080E-001   2.850E-001   3.021E-002   1.914E-002   2.339E-001   1.562E-005   1.349E-009
 4.95   5.060E-005   4.490E-002   4.827E-001   2.192E-001   2.560E-002   1.821E-002   2.093E-001   1.282E-005   9.978E-010
 4.90   1.113E-004   7.696E-002   5.295E-001   1.655E-001   2.395E-002   1.751E-002   1.864E-001   1.044E-005   7.306E-010
 4.85   2.207E-004   1.188E-001   5.486E-001   1.268E-001   2.359E-002   1.702E-002   1.649E-001   8.412E-006   5.274E-010
 4.80   3.984E-004   1.666E-001   5.464E-001   1.016E-001   2.369E-002   1.671E-002   1.447E-001   6.691E-006   3.736E-010
 4.75   6.634E-004   2.153E-001   5.314E-001   8.661E-002   2.384E-002   1.654E-002   1.257E-001   5.238E-006   2.586E-010
 4.70   1.040E-003   2.607E-001   5.114E-001   7.861E-002   2.379E-002   1.651E-002   1.079E-001   4.027E-006   1.745E-010
 4.65   1.556E-003   2.995E-001   4.923E-001   7.501E-002   2.337E-002   1.658E-002   9.167E-002   3.044E-006   1.150E-010
 4.60   2.246E-003   3.302E-001   4.771E-001   7.396E-002   2.251E-002   1.674E-002   7.727E-002   2.275E-006   7.456E-011
 4.55   3.124E-003   3.531E-001   4.664E-001   7.413E-002   2.126E-002   1.697E-002   6.496E-002   1.696E-006   4.822E-011
 4.50   4.139E-003   3.701E-001   4.595E-001   7.456E-002   1.976E-002   1.724E-002   5.470E-002   1.269E-006   3.143E-011
 4.45   5.255E-003   3.837E-001   4.547E-001   7.469E-002   1.814E-002   1.748E-002   4.599E-002   9.493E-007   2.049E-011
 4.40   6.485E-003   3.960E-001   4.511E-001   7.418E-002   1.644E-002   1.758E-002   3.823E-002   6.977E-007   1.303E-011
 4.35   7.901E-003   4.088E-001   4.477E-001   7.268E-002   1.469E-002   1.736E-002   3.094E-002   4.914E-007   7.799E-012
 4.30   9.656E-003   4.236E-001   4.437E-001   6.978E-002   1.283E-002   1.656E-002   2.383E-002   3.194E-007   4.156E-012
 4.25   1.202E-002   4.426E-001   4.380E-001   6.486E-002   1.078E-002   1.482E-002   1.687E-002   1.812E-007   1.821E-012
 4.20   1.548E-002   4.683E-001   4.286E-001   5.703E-002   8.340E-003   1.185E-002   1.039E-002   8.203E-008   5.759E-013
 4.15   2.087E-002   5.042E-001   4.112E-001   4.531E-002   5.456E-003   7.801E-003   5.091E-003   2.571E-008   1.073E-013
 4.10   2.970E-002   5.536E-001   3.788E-001   2.981E-002   2.619E-003   3.732E-003   1.735E-003   4.501E-009   8.705E-015
 4.05   4.442E-002   6.166E-001   3.226E-001   1.417E-002   7.632E-004   1.091E-003   3.411E-004   3.273E-010   2.018E-016
 4.00   6.842E-002   6.841E-001   2.430E-001   4.174E-003   1.107E-004   1.608E-004   3.126E-005   7.360E-012   1.061E-018
 3.95   1.050E-001   7.372E-001   1.571E-001   6.924E-004   6.833E-006   1.023E-005   1.090E-006   3.626E-014   6.606E-022
 3.90   1.558E-001   7.579E-001   8.622E-002   6.524E-005   1.786E-007   2.791E-007   1.486E-008   9.719E-017   4.375E-025
 3.85   2.200E-001   7.401E-001   3.983E-002   3.633E-006   1.863E-009   3.064E-009   6.072E-011   2.674E-020  -5.270E-029
 3.80   2.956E-001   6.893E-001   1.510E-002   1.240E-007   8.832E-012   1.532E-011   9.906E-014  -2.975E-024   9.040E-033
 3.75   3.801E-001   6.154E-001   4.498E-003   2.457E-009   1.257E-014   2.283E-014   2.305E-017  -1.444E-028   2.074E-037
 3.70   4.707E-001   5.283E-001   9.929E-004   2.776E-011   9.209E-018   1.753E-017   1.051E-021   6.453E-033   4.249E-042
 3.65   5.627E-001   4.372E-001   1.547E-004   1.642E-013   3.533E-022   6.801E-022  -9.526E-026   4.113E-037   9.376E-047
 3.60   6.480E-001   3.520E-001   1.791E-005   6.894E-016  -2.475E-026  -5.337E-026   2.176E-029   3.816E-042   2.767E-051
 3.55   7.150E-001   2.850E-001   2.065E-006   1.200E-018   1.019E-032   1.928E-032   3.175E-033   9.839E-048  -2.210E-056
 3.50   7.567E-001   2.433E-001   3.948E-007   1.055E-020  -5.830E-035  -1.378E-034  -3.084E-036   5.415E-051  -6.860E-060
 3.45   7.788E-001   2.212E-001   1.436E-007   7.974E-022   1.951E-036   4.747E-036   1.112E-037  -1.065E-052   5.640E-062
 3.40   7.908E-001   2.092E-001   7.958E-008   2.043E-022   6.299E-038   1.652E-037  -3.026E-039   4.990E-054  -2.110E-063
 3.35   7.984E-001   2.016E-001   5.344E-008   8.395E-023   9.248E-039   2.431E-038  -1.664E-040  -8.552E-056   7.774E-065
 3.30   8.042E-001   1.958E-001   3.891E-008   4.150E-023   2.065E-039   5.727E-039  -2.016E-041  -1.194E-057  -2.499E-066
 3.25   8.091E-001   1.909E-001   2.941E-008   2.230E-023   5.788E-040   1.663E-039  -3.377E-042  -4.876E-059   6.211E-068
 3.20   8.134E-001   1.866E-001   2.270E-008   1.254E-023   1.837E-040   5.456E-040  -6.821E-043  -3.157E-060  -7.919E-070
 3.15   8.174E-001   1.826E-001   1.776E-008   7.259E-024   6.400E-041   1.952E-040  -1.578E-043  -2.812E-061  -3.815E-072
 3.10   8.210E-001   1.790E-001   1.402E-008   4.294E-024   2.401E-041   7.480E-041  -4.065E-044  -3.163E-062  -9.117E-074
 3.05   8.244E-001   1.756E-001   1.115E-008   2.582E-024   9.577E-042   3.030E-041  -1.142E-044  -4.254E-063  -3.920E-075
 3.00   8.276E-001   1.724E-001   8.895E-009   1.571E-024   4.028E-042   1.285E-041  -3.447E-045  -6.582E-064  -2.401E-076
 2.95   8.306E-001   1.694E-001   7.112E-009   9.638E-025   1.774E-042   5.659E-042  -1.103E-045  -1.138E-064  -1.874E-077
 2.90   8.335E-001   1.665E-001   5.686E-009   5.949E-025   8.132E-043   2.571E-042  -3.706E-046  -2.151E-065  -1.744E-078
 2.85   8.363E-001   1.637E-001   4.537E-009   3.683E-025   3.866E-043   1.198E-042  -1.295E-046  -4.357E-066  -1.849E-079
 2.80   8.390E-001   1.610E-001   3.607E-009   2.282E-025   1.900E-043   5.698E-043  -4.667E-047  -9.298E-067  -2.140E-080
 2.75   8.417E-001   1.583E-001   2.853E-009   1.412E-025   9.620E-044   2.751E-043  -1.722E-047  -2.057E-067  -2.610E-081
 2.70   8.443E-001   1.557E-001   2.242E-009   8.701E-026   5.010E-044   1.342E-043  -6.459E-048  -4.670E-068  -3.311E-082
 2.65   8.468E-001   1.532E-001   1.747E-009   5.332E-026   2.677E-044   6.590E-044  -2.450E-048  -1.078E-068  -4.309E-083
 2.60   8.493E-001   1.507E-001   1.348E-009   3.242E-026   1.465E-044   3.243E-044  -9.341E-049  -2.506E-069  -5.675E-084
 2.55   8.518E-001   1.482E-001   1.028E-009   1.951E-026   8.202E-045   1.593E-044  -3.559E-049  -5.815E-070  -7.471E-085
 2.50   8.543E-001   1.457E-001   7.727E-010   1.160E-026   4.688E-045   7.776E-045  -1.346E-049  -1.329E-070  -9.568E-086
 2.45   8.568E-001   1.432E-001   5.720E-010   6.801E-027   2.730E-045   3.755E-045  -5.018E-050  -2.950E-071  -1.156E-086
 2.40   8.593E-001   1.407E-001   4.158E-010   3.921E-027   1.616E-045   1.785E-045  -1.833E-050  -6.277E-072  -1.285E-087
 2.35   8.619E-001   1.381E-001   2.960E-010   2.218E-027   9.670E-046   8.313E-046  -6.508E-051  -1.263E-072  -1.276E-088
 2.30   8.645E-001   1.355E-001   2.058E-010   1.228E-027   5.821E-046   3.773E-046  -2.230E-051  -2.371E-073  -1.095E-089
 2.25   8.672E-001   1.328E-001   1.391E-010   6.640E-028   3.499E-046   1.659E-046  -7.319E-052  -4.086E-074  -7.820E-091
 2.20   8.700E-001   1.300E-001   9.118E-011   3.501E-028   2.081E-046   7.022E-047  -2.281E-052  -6.379E-075  -4.481E-092
 2.15   8.729E-001   1.271E-001   5.764E-011   1.797E-028   1.211E-046   2.845E-047  -6.700E-053  -8.918E-076  -2.011E-093
 2.10   8.759E-001   1.241E-001   3.498E-011   8.977E-029   6.819E-047   1.096E-047  -1.841E-053  -1.112E-076  -7.262E-095
 2.05   8.790E-001   1.210E-001   2.027E-011   4.363E-029   3.674E-047   3.985E-048  -4.682E-054  -1.210E-077  -1.991E-096
 2.00   8.822E-001   1.178E-001   1.115E-011   2.064E-029   1.875E-047   1.353E-048  -1.083E-054  -1.077E-078  -2.521E-098
 1.95   8.856E-001   1.144E-001   5.796E-012   9.537E-030   8.983E-048   4.266E-049  -2.258E-055  -7.704E-080  -4.019E-101
 1.90   8.891E-001   1.109E-001   2.831E-012   4.322E-030   4.018E-048   1.242E-049  -4.231E-056  -4.445E-081   1.668E-103
 1.85   8.928E-001   1.072E-001   1.295E-012   1.930E-030   1.672E-048   3.318E-050  -7.056E-057  -2.023E-082  -1.289E-105
 1.80   8.967E-001   1.033E-001   5.621E-013   8.652E-031   6.559E-049   8.248E-051  -1.034E-057  -3.090E-084   6.576E-107
 1.75   9.007E-001   9.934E-002   2.284E-013   3.860E-031   2.389E-049   1.872E-051  -1.342E-058  -3.121E-086  -2.923E-108
 1.70   9.048E-001   9.524E-002   8.708E-014   1.718E-031   8.048E-050   3.834E-052  -1.493E-059   1.811E-089   1.389E-109
 1.65   9.090E-001   9.104E-002   3.131E-014   7.639E-032   2.504E-050   7.042E-053  -1.393E-060  -2.146E-091  -7.361E-111
 1.60   9.132E-001   8.676E-002   1.073E-014   3.389E-032   7.192E-051   1.157E-053  -1.081E-061   4.483E-093   4.170E-112
 1.55   9.176E-001   8.242E-002   3.542E-015   1.495E-032   1.902E-051   1.694E-054  -6.854E-063  -1.271E-094  -2.464E-113
 1.50   9.220E-001   7.803E-002   1.142E-015   6.504E-033   4.613E-052   2.192E-055  -3.446E-064   4.426E-096   1.500E-114
 1.45   9.264E-001   7.361E-002   3.649E-016   2.768E-033   1.019E-052   2.474E-056  -1.300E-065  -1.801E-097  -9.354E-116
 1.40   9.308E-001   6.915E-002   1.171E-016   1.139E-033   2.026E-053   2.383E-057  -3.302E-067   8.311E-099   5.940E-117
 1.35   9.353E-001   6.468E-002   3.824E-017   4.482E-034   3.577E-054   1.899E-058  -4.384E-069  -4.250E-100  -3.816E-118
 1.30   9.398E-001   6.021E-002   1.288E-017   1.668E-034   5.505E-055   1.200E-059  -6.594E-072   2.354E-101   2.450E-119
 1.25   9.443E-001   5.573E-002   4.519E-018   5.803E-035   7.229E-056   5.649E-061   6.243E-074  -1.378E-102  -1.546E-120
 1.20   9.487E-001   5.129E-002   1.668E-018   1.872E-035   7.914E-057   1.811E-062  -1.196E-075   8.303E-104   9.417E-122
 1.15   9.531E-001   4.691E-002   6.509E-019   5.557E-036   7.038E-058   3.339E-064   3.284E-077  -5.059E-105  -5.470E-123
 1.10   9.574E-001   4.261E-002   2.686E-019   1.508E-036   4.917E-059   2.048E-066  -1.138E-078   3.098E-106   3.035E-124
 1.05   9.616E-001   3.843E-002   1.165E-019   3.716E-037   2.559E-060  -1.078E-068   4.708E-080  -1.917E-107  -1.631E-125
 1.00   9.656E-001   3.440E-002   5.247E-020   8.237E-038   8.970E-062   1.742E-070  -2.256E-081   1.207E-108   8.613E-127
 0.95   9.695E-001   3.051E-002   2.379E-020   1.537E-038   1.163E-063  -4.719E-072   1.075E-082  -5.515E-110  -2.493E-128
