 9.00   1.658E-010   1.000E+000
 8.99   1.699E-010   1.000E+000
 8.98   1.741E-010   1.000E+000
 8.97   1.784E-010   1.000E+000
 8.96   1.828E-010   1.000E+000
 8.95   1.874E-010   1.000E+000
 8.94   1.920E-010   1.000E+000
 8.93   1.968E-010   1.000E+000
 8.92   2.016E-010   1.000E+000
 8.91   2.066E-010   1.000E+000
 8.90   2.117E-010   1.000E+000
 8.89   2.169E-010   1.000E+000
 8.88   2.223E-010   1.000E+000
 8.87   2.278E-010   1.000E+000
 8.86   2.334E-010   1.000E+000
 8.85   2.392E-010   1.000E+000
 8.84   2.451E-010   1.000E+000
 8.83   2.511E-010   1.000E+000
 8.82   2.573E-010   1.000E+000
 8.81   2.636E-010   1.000E+000
 8.80   2.701E-010   1.000E+000
 8.79   2.768E-010   1.000E+000
 8.78   2.836E-010   1.000E+000
 8.77   2.906E-010   1.000E+000
 8.76   2.978E-010   1.000E+000
 8.75   3.051E-010   1.000E+000
 8.74   3.126E-010   1.000E+000
 8.73   3.203E-010   1.000E+000
 8.72   3.282E-010   1.000E+000
 8.71   3.362E-010   1.000E+000
 8.70   3.445E-010   1.000E+000
 8.69   3.530E-010   1.000E+000
 8.68   3.617E-010   1.000E+000
 8.67   3.705E-010   1.000E+000
 8.66   3.797E-010   1.000E+000
 8.65   3.890E-010   1.000E+000
 8.64   3.985E-010   1.000E+000
 8.63   4.083E-010   1.000E+000
 8.62   4.183E-010   1.000E+000
 8.61   4.286E-010   1.000E+000
 8.60   4.391E-010   1.000E+000
 8.59   4.499E-010   1.000E+000
 8.58   4.609E-010   1.000E+000
 8.57   4.722E-010   1.000E+000
 8.56   4.838E-010   1.000E+000
 8.55   4.957E-010   1.000E+000
 8.54   5.078E-010   1.000E+000
 8.53   5.202E-010   1.000E+000
 8.52   5.330E-010   1.000E+000
 8.51   5.460E-010   1.000E+000
 8.50   5.594E-010   1.000E+000
 8.49   5.730E-010   1.000E+000
 8.48   5.871E-010   1.000E+000
 8.47   6.014E-010   1.000E+000
 8.46   6.161E-010   1.000E+000
 8.45   6.311E-010   1.000E+000
 8.44   6.465E-010   1.000E+000
 8.43   6.623E-010   1.000E+000
 8.42   6.784E-010   1.000E+000
 8.41   6.950E-010   1.000E+000
 8.40   7.119E-010   1.000E+000
 8.39   7.293E-010   1.000E+000
 8.38   7.471E-010   1.000E+000
 8.37   7.653E-010   1.000E+000
 8.36   7.840E-010   1.000E+000
 8.35   8.031E-010   1.000E+000
 8.34   8.226E-010   1.000E+000
 8.33   8.427E-010   1.000E+000
 8.32   8.632E-010   1.000E+000
 8.31   8.842E-010   1.000E+000
 8.30   9.057E-010   1.000E+000
 8.29   9.277E-010   1.000E+000
 8.28   9.502E-010   1.000E+000
 8.27   9.733E-010   1.000E+000
 8.26   9.970E-010   1.000E+000
 8.25   1.021E-009   1.000E+000
 8.24   1.046E-009   1.000E+000
 8.23   1.071E-009   1.000E+000
 8.22   1.097E-009   1.000E+000
 8.21   1.124E-009   1.000E+000
 8.20   1.151E-009   1.000E+000
 8.19   1.179E-009   1.000E+000
 8.18   1.207E-009   1.000E+000
 8.17   1.237E-009   1.000E+000
 8.16   1.267E-009   1.000E+000
 8.15   1.297E-009   1.000E+000
 8.14   1.329E-009   1.000E+000
 8.13   1.361E-009   1.000E+000
 8.12   1.394E-009   1.000E+000
 8.11   1.427E-009   1.000E+000
 8.10   1.462E-009   1.000E+000
 8.09   1.497E-009   1.000E+000
 8.08   1.533E-009   1.000E+000
 8.07   1.570E-009   1.000E+000
 8.06   1.608E-009   1.000E+000
 8.05   1.647E-009   1.000E+000
 8.04   1.687E-009   1.000E+000
 8.03   1.728E-009   1.000E+000
 8.02   1.769E-009   1.000E+000
 8.01   1.812E-009   1.000E+000
 8.00   1.856E-009   1.000E+000
 7.99   1.900E-009   1.000E+000
 7.98   1.946E-009   1.000E+000
 7.97   1.993E-009   1.000E+000
 7.96   2.041E-009   1.000E+000
 7.95   2.090E-009   1.000E+000
 7.94   2.140E-009   1.000E+000
 7.93   2.192E-009   1.000E+000
 7.92   2.244E-009   1.000E+000
 7.91   2.298E-009   1.000E+000
 7.90   2.353E-009   1.000E+000
 7.89   2.410E-009   1.000E+000
 7.88   2.469E-009   1.000E+000
 7.87   2.528E-009   1.000E+000
 7.86   2.589E-009   1.000E+000
 7.85   2.652E-009   1.000E+000
 7.84   2.715E-009   1.000E+000
 7.83   2.780E-009   1.000E+000
 7.82   2.847E-009   1.000E+000
 7.81   2.915E-009   1.000E+000
 7.80   2.984E-009   1.000E+000
 7.79   3.056E-009   1.000E+000
 7.78   3.130E-009   1.000E+000
 7.77   3.205E-009   1.000E+000
 7.76   3.282E-009   1.000E+000
 7.75   3.361E-009   1.000E+000
 7.74   3.442E-009   1.000E+000
 7.73   3.524E-009   1.000E+000
 7.72   3.609E-009   1.000E+000
 7.71   3.695E-009   1.000E+000
 7.70   3.784E-009   1.000E+000
 7.69   3.876E-009   1.000E+000
 7.68   3.969E-009   1.000E+000
 7.67   4.065E-009   1.000E+000
 7.66   4.163E-009   1.000E+000
 7.65   4.263E-009   1.000E+000
 7.64   4.365E-009   1.000E+000
 7.63   4.470E-009   1.000E+000
 7.62   4.577E-009   1.000E+000
 7.61   4.686E-009   1.000E+000
 7.60   4.798E-009   1.000E+000
 7.59   4.913E-009   1.000E+000
 7.58   5.031E-009   1.000E+000
 7.57   5.152E-009   1.000E+000
 7.56   5.276E-009   1.000E+000
 7.55   5.403E-009   1.000E+000
 7.54   5.533E-009   1.000E+000
 7.53   5.667E-009   1.000E+000
 7.52   5.803E-009   1.000E+000
 7.51   5.943E-009   1.000E+000
 7.50   6.086E-009   1.000E+000
 7.49   6.232E-009   1.000E+000
 7.48   6.381E-009   1.000E+000
 7.47   6.533E-009   1.000E+000
 7.46   6.689E-009   1.000E+000
 7.45   6.849E-009   1.000E+000
 7.44   7.014E-009   1.000E+000
 7.43   7.183E-009   1.000E+000
 7.42   7.356E-009   1.000E+000
 7.41   7.534E-009   1.000E+000
 7.40   7.715E-009   1.000E+000
 7.39   7.901E-009   1.000E+000
 7.38   8.090E-009   1.000E+000
 7.37   8.285E-009   1.000E+000
 7.36   8.484E-009   1.000E+000
 7.35   8.687E-009   1.000E+000
 7.34   8.897E-009   1.000E+000
 7.33   9.111E-009   1.000E+000
 7.32   9.331E-009   1.000E+000
 7.31   9.555E-009   1.000E+000
 7.30   9.785E-009   1.000E+000
 7.29   1.002E-008   1.000E+000
 7.28   1.026E-008   1.000E+000
 7.27   1.051E-008   1.000E+000
 7.26   1.076E-008   1.000E+000
 7.25   1.102E-008   1.000E+000
 7.24   1.128E-008   1.000E+000
 7.23   1.155E-008   1.000E+000
 7.22   1.183E-008   1.000E+000
 7.21   1.212E-008   1.000E+000
 7.20   1.241E-008   1.000E+000
 7.19   1.271E-008   1.000E+000
 7.18   1.301E-008   1.000E+000
 7.17   1.333E-008   1.000E+000
 7.16   1.365E-008   1.000E+000
 7.15   1.397E-008   1.000E+000
 7.14   1.431E-008   1.000E+000
 7.13   1.465E-008   1.000E+000
 7.12   1.501E-008   1.000E+000
 7.11   1.537E-008   1.000E+000
 7.10   1.574E-008   1.000E+000
 7.09   1.612E-008   1.000E+000
 7.08   1.651E-008   1.000E+000
 7.07   1.691E-008   1.000E+000
 7.06   1.732E-008   1.000E+000
 7.05   1.774E-008   1.000E+000
 7.04   1.817E-008   1.000E+000
 7.03   1.861E-008   1.000E+000
 7.02   1.906E-008   1.000E+000
 7.01   1.952E-008   1.000E+000
 7.00   1.999E-008   1.000E+000
 6.99   2.047E-008   1.000E+000
 6.98   2.097E-008   1.000E+000
 6.97   2.148E-008   1.000E+000
 6.96   2.200E-008   1.000E+000
 6.95   2.254E-008   1.000E+000
 6.94   2.308E-008   1.000E+000
 6.93   2.365E-008   1.000E+000
 6.92   2.422E-008   1.000E+000
 6.91   2.481E-008   1.000E+000
 6.90   2.542E-008   1.000E+000
 6.89   2.604E-008   1.000E+000
 6.88   2.668E-008   1.000E+000
 6.87   2.733E-008   1.000E+000
 6.86   2.800E-008   1.000E+000
 6.85   2.868E-008   1.000E+000
 6.84   2.939E-008   1.000E+000
 6.83   3.011E-008   1.000E+000
 6.82   3.084E-008   1.000E+000
 6.81   3.160E-008   1.000E+000
 6.80   3.237E-008   1.000E+000
 6.79   3.317E-008   1.000E+000
 6.78   3.399E-008   1.000E+000
 6.77   3.483E-008   1.000E+000
 6.76   3.569E-008   1.000E+000
 6.75   3.657E-008   1.000E+000
 6.74   3.748E-008   1.000E+000
 6.73   3.841E-008   1.000E+000
 6.72   3.936E-008   1.000E+000
 6.71   4.034E-008   1.000E+000
 6.70   4.134E-008   1.000E+000
 6.69   4.237E-008   1.000E+000
 6.68   4.342E-008   1.000E+000
 6.67   4.450E-008   1.000E+000
 6.66   4.561E-008   1.000E+000
 6.65   4.675E-008   1.000E+000
 6.64   4.792E-008   1.000E+000
 6.63   4.912E-008   1.000E+000
 6.62   5.035E-008   1.000E+000
 6.61   5.161E-008   1.000E+000
 6.60   5.291E-008   1.000E+000
 6.59   5.425E-008   1.000E+000
 6.58   5.562E-008   1.000E+000
 6.57   5.703E-008   1.000E+000
 6.56   5.848E-008   1.000E+000
 6.55   5.997E-008   1.000E+000
 6.54   6.149E-008   1.000E+000
 6.53   6.306E-008   1.000E+000
 6.52   6.467E-008   1.000E+000
 6.51   6.632E-008   1.000E+000
 6.50   6.802E-008   1.000E+000
 6.49   6.977E-008   1.000E+000
 6.48   7.156E-008   1.000E+000
 6.47   7.341E-008   1.000E+000
 6.46   7.531E-008   1.000E+000
 6.45   7.726E-008   1.000E+000
 6.44   7.927E-008   1.000E+000
 6.43   8.133E-008   1.000E+000
 6.42   8.345E-008   1.000E+000
 6.41   8.563E-008   1.000E+000
 6.40   8.788E-008   1.000E+000
 6.39   9.019E-008   1.000E+000
 6.38   9.257E-008   1.000E+000
 6.37   9.502E-008   1.000E+000
 6.36   9.755E-008   1.000E+000
 6.35   1.001E-007   1.000E+000
 6.34   1.028E-007   1.000E+000
 6.33   1.056E-007   1.000E+000
 6.32   1.084E-007   1.000E+000
 6.31   1.113E-007   1.000E+000
 6.30   1.143E-007   1.000E+000
 6.29   1.174E-007   1.000E+000
 6.28   1.206E-007   1.000E+000
 6.27   1.239E-007   1.000E+000
 6.26   1.273E-007   1.000E+000
 6.25   1.307E-007   1.000E+000
 6.24   1.343E-007   1.000E+000
 6.23   1.380E-007   1.000E+000
 6.22   1.419E-007   1.000E+000
 6.21   1.458E-007   1.000E+000
 6.20   1.498E-007   1.000E+000
 6.19   1.540E-007   1.000E+000
 6.18   1.584E-007   1.000E+000
 6.17   1.628E-007   1.000E+000
 6.16   1.674E-007   1.000E+000
 6.15   1.722E-007   1.000E+000
 6.14   1.771E-007   1.000E+000
 6.13   1.821E-007   1.000E+000
 6.12   1.873E-007   1.000E+000
 6.11   1.927E-007   1.000E+000
 6.10   1.983E-007   1.000E+000
 6.09   2.040E-007   1.000E+000
 6.08   2.100E-007   1.000E+000
 6.07   2.161E-007   1.000E+000
 6.06   2.224E-007   1.000E+000
 6.05   2.290E-007   1.000E+000
 6.04   2.357E-007   1.000E+000
 6.03   2.427E-007   1.000E+000
 6.02   2.499E-007   1.000E+000
 6.01   2.574E-007   1.000E+000
 6.00   2.651E-007   1.000E+000
 5.99   2.731E-007   1.000E+000
 5.98   2.814E-007   1.000E+000
 5.97   2.900E-007   1.000E+000
 5.96   2.989E-007   1.000E+000
 5.95   3.080E-007   1.000E+000
 5.94   3.175E-007   1.000E+000
 5.93   3.274E-007   1.000E+000
 5.92   3.376E-007   1.000E+000
 5.91   3.481E-007   1.000E+000
 5.90   3.590E-007   1.000E+000
 5.89   3.704E-007   1.000E+000
 5.88   3.821E-007   1.000E+000
 5.87   3.943E-007   1.000E+000
 5.86   4.070E-007   1.000E+000
 5.85   4.202E-007   1.000E+000
 5.84   4.339E-007   1.000E+000
 5.83   4.480E-007   1.000E+000
 5.82   4.628E-007   1.000E+000
 5.81   4.781E-007   1.000E+000
 5.80   4.939E-007   1.000E+000
 5.79   5.104E-007   1.000E+000
 5.78   5.275E-007   1.000E+000
 5.77   5.453E-007   1.000E+000
 5.76   5.637E-007   1.000E+000
 5.75   5.829E-007   1.000E+000
 5.74   6.029E-007   1.000E+000
 5.73   6.237E-007   1.000E+000
 5.72   6.454E-007   1.000E+000
 5.71   6.679E-007   1.000E+000
 5.70   6.914E-007   1.000E+000
 5.69   7.158E-007   1.000E+000
 5.68   7.412E-007   1.000E+000
 5.67   7.677E-007   1.000E+000
 5.66   7.954E-007   1.000E+000
 5.65   8.243E-007   1.000E+000
 5.64   8.544E-007   1.000E+000
 5.63   8.858E-007   1.000E+000
 5.62   9.187E-007   1.000E+000
 5.61   9.530E-007   1.000E+000
 5.60   9.889E-007   1.000E+000
 5.59   1.026E-006   1.000E+000
 5.58   1.065E-006   1.000E+000
 5.57   1.106E-006   1.000E+000
 5.56   1.149E-006   1.000E+000
 5.55   1.194E-006   1.000E+000
 5.54   1.241E-006   1.000E+000
 5.53   1.291E-006   1.000E+000
 5.52   1.342E-006   1.000E+000
 5.51   1.396E-006   1.000E+000
 5.50   1.453E-006   1.000E+000
 5.49   1.513E-006   1.000E+000
 5.48   1.575E-006   1.000E+000
 5.47   1.640E-006   1.000E+000
 5.46   1.708E-006   1.000E+000
 5.45   1.780E-006   1.000E+000
 5.44   1.856E-006   1.000E+000
 5.43   1.935E-006   1.000E+000
 5.42   2.019E-006   1.000E+000
 5.41   2.107E-006   1.000E+000
 5.40   2.200E-006   1.000E+000
 5.39   2.298E-006   1.000E+000
 5.38   2.401E-006   1.000E+000
 5.37   2.510E-006   1.000E+000
 5.36   2.625E-006   1.000E+000
 5.35   2.746E-006   1.000E+000
 5.34   2.874E-006   1.000E+000
 5.33   3.009E-006   1.000E+000
 5.32   3.151E-006   1.000E+000
 5.31   3.302E-006   1.000E+000
 5.30   3.462E-006   1.000E+000
 5.29   3.630E-006   1.000E+000
 5.28   3.809E-006   1.000E+000
 5.27   3.999E-006   1.000E+000
 5.26   4.200E-006   1.000E+000
 5.25   4.414E-006   1.000E+000
 5.24   4.641E-006   1.000E+000
 5.23   4.882E-006   1.000E+000
 5.22   5.139E-006   1.000E+000
 5.21   5.412E-006   1.000E+000
 5.20   5.703E-006   1.000E+000
 5.19   6.013E-006   1.000E+000
 5.18   6.344E-006   1.000E+000
 5.17   6.697E-006   1.000E+000
 5.16   7.074E-006   1.000E+000
 5.15   7.477E-006   1.000E+000
 5.14   7.907E-006   1.000E+000
 5.13   8.367E-006   1.000E+000
 5.12   8.859E-006   1.000E+000
 5.11   9.386E-006   1.000E+000
 5.10   9.952E-006   1.000E+000
 5.09   1.056E-005   1.000E+000
 5.08   1.121E-005   1.000E+000
 5.07   1.191E-005   1.000E+000
 5.06   1.267E-005   1.000E+000
 5.05   1.348E-005   1.000E+000
 5.04   1.436E-005   1.000E+000
 5.03   1.530E-005   1.000E+000
 5.02   1.632E-005   1.000E+000
 5.01   1.742E-005   1.000E+000
 5.00   1.862E-005   1.000E+000
 4.99   1.991E-005   1.000E+000
 4.98   2.131E-005   1.000E+000
 4.97   2.283E-005   1.000E+000
 4.96   2.448E-005   1.000E+000
 4.95   2.627E-005   1.000E+000
 4.94   2.822E-005   1.000E+000
 4.93   3.035E-005   1.000E+000
 4.92   3.267E-005   1.000E+000
 4.91   3.521E-005   1.000E+000
 4.90   3.798E-005   1.000E+000
 4.89   4.101E-005   1.000E+000
 4.88   4.433E-005   1.000E+000
 4.87   4.797E-005   1.000E+000
 4.86   5.197E-005   9.999E-001
 4.85   5.639E-005   9.999E-001
 4.84   6.125E-005   9.999E-001
 4.83   6.661E-005   9.999E-001
 4.82   7.253E-005   9.999E-001
 4.81   7.907E-005   9.999E-001
 4.80   8.636E-005   9.999E-001
 4.79   9.430E-005   9.999E-001
 4.78   1.032E-004   9.999E-001
 4.77   1.131E-004   9.999E-001
 4.76   1.241E-004   9.999E-001
 4.75   1.363E-004   9.999E-001
 4.74   1.497E-004   9.999E-001
 4.73   1.648E-004   9.998E-001
 4.72   1.820E-004   9.998E-001
 4.71   2.007E-004   9.998E-001
 4.70   2.219E-004   9.998E-001
 4.69   2.456E-004   9.998E-001
 4.68   2.722E-004   9.997E-001
 4.67   3.020E-004   9.997E-001
 4.66   3.354E-004   9.997E-001
 4.65   3.729E-004   9.996E-001
 4.64   4.150E-004   9.996E-001
 4.63   4.622E-004   9.995E-001
 4.62   5.153E-004   9.995E-001
 4.61   5.749E-004   9.994E-001
 4.60   6.417E-004   9.994E-001
 4.59   7.167E-004   9.993E-001
 4.58   8.006E-004   9.992E-001
 4.57   8.946E-004   9.991E-001
 4.56   9.996E-004   9.990E-001
 4.55   1.117E-003   9.989E-001
 4.54   1.247E-003   9.988E-001
 4.53   1.392E-003   9.986E-001
 4.52   1.552E-003   9.984E-001
 4.51   1.729E-003   9.983E-001
 4.50   1.924E-003   9.981E-001
 4.49   2.139E-003   9.979E-001
 4.48   2.374E-003   9.976E-001
 4.47   2.632E-003   9.974E-001
 4.46   2.913E-003   9.971E-001
 4.45   3.219E-003   9.968E-001
 4.44   3.551E-003   9.964E-001
 4.43   3.911E-003   9.961E-001
 4.42   4.301E-003   9.957E-001
 4.41   4.721E-003   9.953E-001
 4.40   5.174E-003   9.948E-001
 4.39   5.661E-003   9.943E-001
 4.38   6.184E-003   9.938E-001
 4.37   6.745E-003   9.933E-001
 4.36   7.347E-003   9.927E-001
 4.35   7.991E-003   9.920E-001
 4.34   8.681E-003   9.913E-001
 4.33   9.419E-003   9.906E-001
 4.32   1.021E-002   9.898E-001
 4.31   1.105E-002   9.889E-001
 4.30   1.196E-002   9.880E-001
 4.29   1.292E-002   9.871E-001
 4.28   1.396E-002   9.860E-001
 4.27   1.507E-002   9.849E-001
 4.26   1.625E-002   9.837E-001
 4.25   1.753E-002   9.825E-001
 4.24   1.889E-002   9.811E-001
 4.23   2.036E-002   9.796E-001
 4.22   2.193E-002   9.781E-001
 4.21   2.362E-002   9.764E-001
 4.20   2.544E-002   9.746E-001
 4.19   2.740E-002   9.726E-001
 4.18   2.951E-002   9.705E-001
 4.17   3.178E-002   9.682E-001
 4.16   3.423E-002   9.658E-001
 4.15   3.688E-002   9.631E-001
 4.14   3.973E-002   9.603E-001
 4.13   4.282E-002   9.572E-001
 4.12   4.615E-002   9.539E-001
 4.11   4.974E-002   9.503E-001
 4.10   5.363E-002   9.464E-001
 4.09   5.783E-002   9.422E-001
 4.08   6.237E-002   9.376E-001
 4.07   6.727E-002   9.327E-001
 4.06   7.256E-002   9.274E-001
 4.05   7.826E-002   9.217E-001
 4.04   8.442E-002   9.156E-001
 4.03   9.106E-002   9.089E-001
 4.02   9.821E-002   9.018E-001
 4.01   1.059E-001   8.941E-001
 4.00   1.142E-001   8.858E-001
 3.99   1.231E-001   8.769E-001
 3.98   1.326E-001   8.674E-001
 3.97   1.428E-001   8.572E-001
 3.96   1.538E-001   8.462E-001
 3.95   1.655E-001   8.345E-001
 3.94   1.780E-001   8.220E-001
 3.93   1.912E-001   8.088E-001
 3.92   2.054E-001   7.946E-001
 3.91   2.204E-001   7.796E-001
 3.90   2.362E-001   7.638E-001
 3.89   2.530E-001   7.470E-001
 3.88   2.707E-001   7.293E-001
 3.87   2.894E-001   7.106E-001
 3.86   3.090E-001   6.910E-001
 3.85   3.295E-001   6.705E-001
 3.84   3.509E-001   6.491E-001
 3.83   3.733E-001   6.267E-001
 3.82   3.965E-001   6.035E-001
 3.81   4.207E-001   5.793E-001
 3.80   4.456E-001   5.544E-001
 3.79   4.713E-001   5.287E-001
 3.78   4.977E-001   5.023E-001
 3.77   5.247E-001   4.753E-001
 3.76   5.521E-001   4.479E-001
 3.75   5.797E-001   4.203E-001
 3.74   6.074E-001   3.926E-001
 3.73   6.349E-001   3.651E-001
 3.72   6.618E-001   3.382E-001
 3.71   6.879E-001   3.121E-001
 3.70   7.128E-001   2.872E-001
 3.69   7.362E-001   2.638E-001
 3.68   7.578E-001   2.422E-001
 3.67   7.775E-001   2.225E-001
 3.66   7.951E-001   2.049E-001
 3.65   8.107E-001   1.893E-001
 3.64   8.244E-001   1.756E-001
 3.63   8.365E-001   1.635E-001
 3.62   8.470E-001   1.530E-001
 3.61   8.563E-001   1.437E-001
 3.60   8.645E-001   1.355E-001
 3.59   8.718E-001   1.282E-001
 3.58   8.783E-001   1.217E-001
 3.57   8.842E-001   1.158E-001
 3.56   8.894E-001   1.106E-001
 3.55   8.942E-001   1.058E-001
 3.54   8.986E-001   1.014E-001
 3.53   9.026E-001   9.741E-002
 3.52   9.063E-001   9.373E-002
 3.51   9.097E-001   9.035E-002
 3.50   9.128E-001   8.721E-002
 3.49   9.157E-001   8.430E-002
 3.48   9.184E-001   8.159E-002
 3.47   9.209E-001   7.906E-002
 3.46   9.233E-001   7.670E-002
 3.45   9.255E-001   7.448E-002
 3.44   9.276E-001   7.240E-002
 3.43   9.296E-001   7.043E-002
 3.42   9.314E-001   6.858E-002
 3.41   9.332E-001   6.683E-002
 3.40   9.348E-001   6.518E-002
 3.39   9.364E-001   6.361E-002
 3.38   9.379E-001   6.212E-002
 3.37   9.393E-001   6.070E-002
 3.36   9.407E-001   5.935E-002
 3.35   9.419E-001   5.806E-002
 3.34   9.432E-001   5.683E-002
 3.33   9.443E-001   5.566E-002
 3.32   9.455E-001   5.454E-002
 3.31   9.465E-001   5.347E-002
 3.30   9.476E-001   5.244E-002
 3.29   9.485E-001   5.145E-002
 3.28   9.495E-001   5.051E-002
 3.27   9.504E-001   4.960E-002
 3.26   9.513E-001   4.872E-002
 3.25   9.521E-001   4.788E-002
 3.24   9.529E-001   4.706E-002
 3.23   9.537E-001   4.628E-002
 3.22   9.545E-001   4.553E-002
 3.21   9.552E-001   4.479E-002
 3.20   9.559E-001   4.409E-002
 3.19   9.566E-001   4.341E-002
 3.18   9.573E-001   4.275E-002
 3.17   9.579E-001   4.211E-002
 3.16   9.585E-001   4.149E-002
 3.15   9.591E-001   4.089E-002
 3.14   9.597E-001   4.031E-002
 3.13   9.603E-001   3.974E-002
 3.12   9.608E-001   3.919E-002
 3.11   9.613E-001   3.866E-002
 3.10   9.619E-001   3.815E-002
 3.09   9.624E-001   3.764E-002
 3.08   9.628E-001   3.715E-002
 3.07   9.633E-001   3.668E-002
 3.06   9.638E-001   3.622E-002
 3.05   9.642E-001   3.577E-002
 3.04   9.647E-001   3.533E-002
 3.03   9.651E-001   3.490E-002
 3.02   9.655E-001   3.448E-002
 3.01   9.659E-001   3.407E-002
 3.00   9.663E-001   3.368E-002
