 9.00   0.000E+000   0.000E+000   0.000E+000  -6.929E-017   3.158E-016   1.081E-010   8.013E-006   1.000E+000
 8.99   6.673E-046   2.760E-037   1.067E-029   8.787E-023   2.640E-016   1.151E-010   8.314E-006   1.000E+000
 8.98   8.063E-046   3.252E-037   1.226E-029   9.849E-023   2.884E-016   1.225E-010   8.626E-006   1.000E+000
 8.97   9.745E-046   3.834E-037   1.410E-029   1.104E-022   3.151E-016   1.304E-010   8.949E-006   1.000E+000
 8.96   1.178E-045   4.519E-037   1.620E-029   1.237E-022   3.443E-016   1.388E-010   9.285E-006   1.000E+000
 8.95   1.424E-045   5.326E-037   1.862E-029   1.387E-022   3.761E-016   1.478E-010   9.631E-006   1.000E+000
 8.94   1.720E-045   6.276E-037   2.140E-029   1.554E-022   4.109E-016   1.573E-010   9.990E-006   1.000E+000
 8.93   2.078E-045   7.395E-037   2.459E-029   1.741E-022   4.488E-016   1.674E-010   1.036E-005   1.000E+000
 8.92   2.511E-045   8.712E-037   2.825E-029   1.951E-022   4.903E-016   1.781E-010   1.074E-005   1.000E+000
 8.91   3.032E-045   1.026E-036   3.245E-029   2.186E-022   5.354E-016   1.895E-010   1.114E-005   1.000E+000
 8.90   3.662E-045   1.209E-036   3.727E-029   2.448E-022   5.847E-016   2.016E-010   1.155E-005   1.000E+000
 8.89   4.422E-045   1.423E-036   4.280E-029   2.742E-022   6.384E-016   2.145E-010   1.198E-005   1.000E+000
 8.88   5.339E-045   1.676E-036   4.915E-029   3.071E-022   6.970E-016   2.282E-010   1.242E-005   1.000E+000
 8.87   6.445E-045   1.974E-036   5.644E-029   3.439E-022   7.608E-016   2.427E-010   1.287E-005   1.000E+000
 8.86   7.780E-045   2.324E-036   6.481E-029   3.850E-022   8.304E-016   2.580E-010   1.334E-005   1.000E+000
 8.85   9.391E-045   2.736E-036   7.440E-029   4.311E-022   9.062E-016   2.744E-010   1.382E-005   1.000E+000
 8.84   1.133E-044   3.220E-036   8.541E-029   4.826E-022   9.889E-016   2.917E-010   1.432E-005   1.000E+000
 8.83   1.368E-044   3.790E-036   9.803E-029   5.401E-022   1.079E-015   3.101E-010   1.484E-005   1.000E+000
 8.82   1.650E-044   4.461E-036   1.125E-028   6.045E-022   1.177E-015   3.296E-010   1.537E-005   1.000E+000
 8.81   1.991E-044   5.250E-036   1.291E-028   6.766E-022   1.284E-015   3.503E-010   1.592E-005   1.000E+000
 8.80   2.403E-044   6.178E-036   1.482E-028   7.572E-022   1.401E-015   3.723E-010   1.649E-005   1.000E+000
 8.79   2.900E-044   7.271E-036   1.701E-028   8.473E-022   1.528E-015   3.957E-010   1.708E-005   1.000E+000
 8.78   3.499E-044   8.556E-036   1.952E-028   9.482E-022   1.667E-015   4.206E-010   1.768E-005   1.000E+000
 8.77   4.222E-044   1.007E-035   2.239E-028   1.061E-021   1.818E-015   4.469E-010   1.831E-005   1.000E+000
 8.76   5.094E-044   1.185E-035   2.570E-028   1.187E-021   1.983E-015   4.749E-010   1.896E-005   1.000E+000
 8.75   6.145E-044   1.394E-035   2.948E-028   1.328E-021   2.163E-015   5.046E-010   1.963E-005   1.000E+000
 8.74   7.412E-044   1.640E-035   3.382E-028   1.486E-021   2.359E-015   5.361E-010   2.032E-005   1.000E+000
 8.73   8.939E-044   1.929E-035   3.880E-028   1.662E-021   2.572E-015   5.695E-010   2.102E-005   1.000E+000
 8.72   1.078E-043   2.268E-035   4.450E-028   1.859E-021   2.804E-015   6.049E-010   2.175E-005   1.000E+000
 8.71   1.300E-043   2.668E-035   5.103E-028   2.080E-021   3.057E-015   6.424E-010   2.251E-005   1.000E+000
 8.70   1.567E-043   3.137E-035   5.852E-028   2.325E-021   3.332E-015   6.822E-010   2.328E-005   1.000E+000
 8.69   1.889E-043   3.689E-035   6.710E-028   2.600E-021   3.631E-015   7.243E-010   2.409E-005   1.000E+000
 8.68   2.278E-043   4.338E-035   7.693E-028   2.907E-021   3.957E-015   7.690E-010   2.491E-005   1.000E+000
 8.67   2.746E-043   5.101E-035   8.820E-028   3.250E-021   4.312E-015   8.164E-010   2.577E-005   1.000E+000
 8.66   3.311E-043   5.998E-035   1.011E-027   3.633E-021   4.699E-015   8.667E-010   2.665E-005   1.000E+000
 8.65   3.991E-043   7.052E-035   1.159E-027   4.061E-021   5.120E-015   9.201E-010   2.756E-005   1.000E+000
 8.64   4.812E-043   8.291E-035   1.329E-027   4.540E-021   5.580E-015   9.768E-010   2.850E-005   1.000E+000
 8.63   5.800E-043   9.748E-035   1.524E-027   5.076E-021   6.080E-015   1.037E-009   2.946E-005   1.000E+000
 8.62   6.992E-043   1.146E-034   1.747E-027   5.675E-021   6.626E-015   1.101E-009   3.046E-005   1.000E+000
 8.61   8.428E-043   1.347E-034   2.003E-027   6.345E-021   7.219E-015   1.168E-009   3.149E-005   1.000E+000
 8.60   1.016E-042   1.584E-034   2.297E-027   7.093E-021   7.865E-015   1.240E-009   3.255E-005   1.000E+000
 8.59   1.225E-042   1.862E-034   2.633E-027   7.928E-021   8.569E-015   1.316E-009   3.364E-005   1.000E+000
 8.58   1.476E-042   2.189E-034   3.018E-027   8.861E-021   9.334E-015   1.396E-009   3.476E-005   1.000E+000
 8.57   1.780E-042   2.574E-034   3.459E-027   9.904E-021   1.017E-014   1.482E-009   3.592E-005   1.000E+000
 8.56   2.145E-042   3.026E-034   3.965E-027   1.107E-020   1.107E-014   1.572E-009   3.711E-005   1.000E+000
 8.55   2.586E-042   3.557E-034   4.544E-027   1.237E-020   1.206E-014   1.668E-009   3.834E-005   1.000E+000
 8.54   3.116E-042   4.180E-034   5.208E-027   1.382E-020   1.313E-014   1.769E-009   3.961E-005   1.000E+000
 8.53   3.755E-042   4.913E-034   5.968E-027   1.544E-020   1.430E-014   1.877E-009   4.091E-005   1.000E+000
 8.52   4.524E-042   5.774E-034   6.840E-027   1.726E-020   1.557E-014   1.991E-009   4.226E-005   1.000E+000
 8.51   5.452E-042   6.786E-034   7.838E-027   1.928E-020   1.696E-014   2.112E-009   4.364E-005   1.000E+000
 8.50   6.570E-042   7.975E-034   8.983E-027   2.154E-020   1.847E-014   2.240E-009   4.506E-005   1.000E+000
 8.49   7.918E-042   9.373E-034   1.029E-026   2.407E-020   2.011E-014   2.375E-009   4.652E-005   1.000E+000
 8.48   9.544E-042   1.102E-033   1.180E-026   2.689E-020   2.189E-014   2.519E-009   4.803E-005   1.000E+000
 8.47   1.150E-041   1.295E-033   1.352E-026   3.004E-020   2.383E-014   2.671E-009   4.958E-005   1.000E+000
 8.46   1.386E-041   1.522E-033   1.549E-026   3.357E-020   2.595E-014   2.833E-009   5.117E-005   9.999E-001
 8.45   1.671E-041   1.789E-033   1.774E-026   3.750E-020   2.825E-014   3.004E-009   5.282E-005   9.999E-001
 8.44   2.014E-041   2.102E-033   2.033E-026   4.189E-020   3.075E-014   3.185E-009   5.451E-005   9.999E-001
 8.43   2.427E-041   2.471E-033   2.330E-026   4.679E-020   3.348E-014   3.377E-009   5.626E-005   9.999E-001
 8.42   2.924E-041   2.903E-033   2.669E-026   5.227E-020   3.645E-014   3.581E-009   5.805E-005   9.999E-001
 8.41   3.523E-041   3.411E-033   3.058E-026   5.839E-020   3.967E-014   3.796E-009   5.990E-005   9.999E-001
 8.40   4.245E-041   4.008E-033   3.504E-026   6.521E-020   4.318E-014   4.024E-009   6.180E-005   9.999E-001
 8.39   5.114E-041   4.710E-033   4.014E-026   7.283E-020   4.699E-014   4.266E-009   6.375E-005   9.999E-001
 8.38   6.161E-041   5.534E-033   4.598E-026   8.134E-020   5.114E-014   4.521E-009   6.575E-005   9.999E-001
 8.37   7.424E-041   6.503E-033   5.267E-026   9.083E-020   5.565E-014   4.791E-009   6.781E-005   9.999E-001
 8.36   8.945E-041   7.641E-033   6.034E-026   1.014E-019   6.056E-014   5.078E-009   6.993E-005   9.999E-001
 8.35   1.078E-040   8.980E-033   6.914E-026   1.133E-019   6.590E-014   5.382E-009   7.211E-005   9.999E-001
 8.34   1.299E-040   1.056E-032   7.922E-026   1.266E-019   7.173E-014   5.704E-009   7.436E-005   9.999E-001
 8.33   1.566E-040   1.241E-032   9.078E-026   1.414E-019   7.807E-014   6.046E-009   7.668E-005   9.999E-001
 8.32   1.888E-040   1.459E-032   1.040E-025   1.579E-019   8.497E-014   6.408E-009   7.907E-005   9.999E-001
 8.31   2.276E-040   1.715E-032   1.192E-025   1.764E-019   9.247E-014   6.792E-009   8.153E-005   9.999E-001
 8.30   2.744E-040   2.016E-032   1.366E-025   1.971E-019   1.006E-013   7.198E-009   8.405E-005   9.999E-001
 8.29   3.309E-040   2.370E-032   1.565E-025   2.201E-019   1.095E-013   7.627E-009   8.663E-005   9.999E-001
 8.28   3.989E-040   2.786E-032   1.794E-025   2.458E-019   1.192E-013   8.080E-009   8.928E-005   9.999E-001
 8.27   4.808E-040   3.274E-032   2.055E-025   2.746E-019   1.297E-013   8.561E-009   9.200E-005   9.999E-001
 8.26   5.797E-040   3.849E-032   2.355E-025   3.066E-019   1.411E-013   9.069E-009   9.480E-005   9.999E-001
 8.25   6.988E-040   4.525E-032   2.698E-025   3.425E-019   1.535E-013   9.608E-009   9.769E-005   9.999E-001
 8.24   8.425E-040   5.319E-032   3.092E-025   3.825E-019   1.671E-013   1.018E-008   1.007E-004   9.999E-001
 8.23   1.016E-039   6.253E-032   3.543E-025   4.272E-019   1.818E-013   1.079E-008   1.037E-004   9.999E-001
 8.22   1.225E-039   7.351E-032   4.060E-025   4.771E-019   1.978E-013   1.143E-008   1.069E-004   9.999E-001
 8.21   1.476E-039   8.641E-032   4.652E-025   5.329E-019   2.152E-013   1.211E-008   1.101E-004   9.999E-001
 8.20   1.780E-039   1.016E-031   5.329E-025   5.950E-019   2.342E-013   1.283E-008   1.134E-004   9.999E-001
 8.19   2.146E-039   1.194E-031   6.106E-025   6.644E-019   2.547E-013   1.359E-008   1.168E-004   9.999E-001
 8.18   2.587E-039   1.404E-031   6.995E-025   7.419E-019   2.771E-013   1.439E-008   1.203E-004   9.999E-001
 8.17   3.119E-039   1.650E-031   8.015E-025   8.285E-019   3.014E-013   1.524E-008   1.239E-004   9.999E-001
 8.16   3.761E-039   1.940E-031   9.184E-025   9.253E-019   3.279E-013   1.615E-008   1.276E-004   9.999E-001
 8.15   4.536E-039   2.282E-031   1.053E-024   1.034E-018   3.568E-013   1.711E-008   1.314E-004   9.999E-001
 8.14   5.473E-039   2.684E-031   1.207E-024   1.155E-018   3.883E-013   1.812E-008   1.353E-004   9.999E-001
 8.13   6.605E-039   3.158E-031   1.384E-024   1.291E-018   4.227E-013   1.920E-008   1.393E-004   9.999E-001
 8.12   7.972E-039   3.716E-031   1.587E-024   1.442E-018   4.602E-013   2.035E-008   1.435E-004   9.999E-001
 8.11   9.623E-039   4.373E-031   1.820E-024   1.612E-018   5.009E-013   2.156E-008   1.478E-004   9.999E-001
 8.10   1.162E-038   5.146E-031   2.088E-024   1.802E-018   5.453E-013   2.285E-008   1.521E-004   9.998E-001
 8.09   1.402E-038   6.056E-031   2.394E-024   2.013E-018   5.935E-013   2.421E-008   1.566E-004   9.998E-001
 8.08   1.692E-038   7.125E-031   2.745E-024   2.249E-018   6.458E-013   2.564E-008   1.612E-004   9.998E-001
 8.07   2.042E-038   8.384E-031   3.147E-024   2.513E-018   7.027E-013   2.717E-008   1.660E-004   9.998E-001
 8.06   2.465E-038   9.866E-031   3.608E-024   2.807E-018   7.647E-013   2.878E-008   1.708E-004   9.998E-001
 8.05   2.976E-038   1.161E-030   4.138E-024   3.137E-018   8.323E-013   3.049E-008   1.758E-004   9.998E-001
 8.04   3.593E-038   1.367E-030   4.746E-024   3.506E-018   9.059E-013   3.230E-008   1.810E-004   9.998E-001
 8.03   4.340E-038   1.610E-030   5.445E-024   3.919E-018   9.863E-013   3.422E-008   1.863E-004   9.998E-001
 8.02   5.244E-038   1.896E-030   6.248E-024   4.381E-018   1.074E-012   3.626E-008   1.917E-004   9.998E-001
 8.01   6.335E-038   2.233E-030   7.169E-024   4.899E-018   1.169E-012   3.843E-008   1.973E-004   9.998E-001
 8.00   7.655E-038   2.629E-030   8.227E-024   5.477E-018   1.273E-012   4.072E-008   2.031E-004   9.998E-001
 7.99   9.249E-038   3.097E-030   9.440E-024   6.123E-018   1.386E-012   4.315E-008   2.090E-004   9.998E-001
 7.98   1.117E-037   3.648E-030   1.083E-023   6.846E-018   1.509E-012   4.573E-008   2.151E-004   9.998E-001
 7.97   1.350E-037   4.296E-030   1.243E-023   7.654E-018   1.643E-012   4.847E-008   2.214E-004   9.998E-001
 7.96   1.632E-037   5.061E-030   1.427E-023   8.558E-018   1.790E-012   5.137E-008   2.279E-004   9.998E-001
 7.95   1.973E-037   5.963E-030   1.637E-023   9.570E-018   1.949E-012   5.446E-008   2.345E-004   9.998E-001
 7.94   2.385E-037   7.028E-030   1.880E-023   1.070E-017   2.123E-012   5.773E-008   2.414E-004   9.998E-001
 7.93   2.884E-037   8.283E-030   2.159E-023   1.197E-017   2.312E-012   6.119E-008   2.484E-004   9.998E-001
 7.92   3.488E-037   9.765E-030   2.479E-023   1.340E-017   2.519E-012   6.488E-008   2.556E-004   9.997E-001
 7.91   4.220E-037   1.151E-029   2.847E-023   1.499E-017   2.744E-012   6.878E-008   2.631E-004   9.997E-001
 7.90   5.106E-037   1.358E-029   3.271E-023   1.677E-017   2.990E-012   7.293E-008   2.707E-004   9.997E-001
 7.89   6.180E-037   1.602E-029   3.758E-023   1.877E-017   3.259E-012   7.733E-008   2.786E-004   9.997E-001
 7.88   7.481E-037   1.890E-029   4.319E-023   2.101E-017   3.551E-012   8.200E-008   2.867E-004   9.997E-001
 7.87   9.057E-037   2.230E-029   4.963E-023   2.352E-017   3.870E-012   8.695E-008   2.950E-004   9.997E-001
 7.86   1.097E-036   2.631E-029   5.703E-023   2.633E-017   4.218E-012   9.221E-008   3.036E-004   9.997E-001
 7.85   1.328E-036   3.105E-029   6.554E-023   2.947E-017   4.598E-012   9.779E-008   3.124E-004   9.997E-001
 7.84   1.608E-036   3.664E-029   7.533E-023   3.299E-017   5.011E-012   1.037E-007   3.214E-004   9.997E-001
 7.83   1.947E-036   4.324E-029   8.657E-023   3.693E-017   5.462E-012   1.100E-007   3.307E-004   9.997E-001
 7.82   2.358E-036   5.103E-029   9.951E-023   4.135E-017   5.954E-012   1.167E-007   3.403E-004   9.997E-001
 7.81   2.857E-036   6.024E-029   1.144E-022   4.630E-017   6.492E-012   1.238E-007   3.502E-004   9.996E-001
 7.80   3.462E-036   7.113E-029   1.316E-022   5.185E-017   7.078E-012   1.313E-007   3.603E-004   9.996E-001
 7.79   4.196E-036   8.401E-029   1.513E-022   5.808E-017   7.719E-012   1.393E-007   3.708E-004   9.996E-001
 7.78   5.088E-036   9.926E-029   1.741E-022   6.508E-017   8.419E-012   1.479E-007   3.816E-004   9.996E-001
 7.77   6.171E-036   1.173E-028   2.004E-022   7.294E-017   9.185E-012   1.569E-007   3.927E-004   9.996E-001
 7.76   7.486E-036   1.386E-028   2.306E-022   8.175E-017   1.002E-011   1.665E-007   4.041E-004   9.996E-001
 7.75   9.083E-036   1.639E-028   2.655E-022   9.164E-017   1.093E-011   1.768E-007   4.159E-004   9.996E-001
 7.74   1.102E-035   1.938E-028   3.056E-022   1.027E-016   1.193E-011   1.877E-007   4.280E-004   9.996E-001
 7.73   1.338E-035   2.292E-028   3.519E-022   1.152E-016   1.302E-011   1.993E-007   4.405E-004   9.996E-001
 7.72   1.624E-035   2.711E-028   4.052E-022   1.292E-016   1.422E-011   2.116E-007   4.534E-004   9.995E-001
 7.71   1.973E-035   3.208E-028   4.668E-022   1.449E-016   1.552E-011   2.247E-007   4.667E-004   9.995E-001
 7.70   2.396E-035   3.796E-028   5.377E-022   1.625E-016   1.695E-011   2.387E-007   4.804E-004   9.995E-001
 7.69   2.911E-035   4.493E-028   6.197E-022   1.824E-016   1.851E-011   2.536E-007   4.945E-004   9.995E-001
 7.68   3.538E-035   5.320E-028   7.143E-022   2.047E-016   2.022E-011   2.695E-007   5.092E-004   9.995E-001
 7.67   4.301E-035   6.300E-028   8.235E-022   2.298E-016   2.209E-011   2.864E-007   5.242E-004   9.995E-001
 7.66   5.230E-035   7.462E-028   9.496E-022   2.579E-016   2.414E-011   3.045E-007   5.398E-004   9.995E-001
 7.65   6.362E-035   8.841E-028   1.095E-021   2.896E-016   2.638E-011   3.237E-007   5.558E-004   9.994E-001
 7.64   7.740E-035   1.048E-027   1.263E-021   3.253E-016   2.883E-011   3.441E-007   5.724E-004   9.994E-001
 7.63   9.419E-035   1.242E-027   1.457E-021   3.653E-016   3.151E-011   3.659E-007   5.894E-004   9.994E-001
 7.62   1.147E-034   1.472E-027   1.682E-021   4.104E-016   3.445E-011   3.891E-007   6.069E-004   9.994E-001
 7.61   1.396E-034   1.746E-027   1.941E-021   4.611E-016   3.767E-011   4.138E-007   6.250E-004   9.994E-001
 7.60   1.700E-034   2.071E-027   2.241E-021   5.183E-016   4.120E-011   4.402E-007   6.438E-004   9.994E-001
 7.59   2.072E-034   2.458E-027   2.588E-021   5.826E-016   4.507E-011   4.684E-007   6.631E-004   9.993E-001
 7.58   2.525E-034   2.918E-027   2.989E-021   6.551E-016   4.931E-011   4.986E-007   6.831E-004   9.993E-001
 7.57   3.078E-034   3.464E-027   3.454E-021   7.368E-016   5.396E-011   5.307E-007   7.038E-004   9.993E-001
 7.56   3.754E-034   4.114E-027   3.992E-021   8.289E-016   5.907E-011   5.651E-007   7.252E-004   9.993E-001
 7.55   4.580E-034   4.887E-027   4.615E-021   9.327E-016   6.467E-011   6.018E-007   7.474E-004   9.993E-001
 7.54   5.589E-034   5.808E-027   5.337E-021   1.050E-015   7.082E-011   6.410E-007   7.702E-004   9.992E-001
 7.53   6.823E-034   6.904E-027   6.173E-021   1.182E-015   7.757E-011   6.830E-007   7.939E-004   9.992E-001
 7.52   8.332E-034   8.210E-027   7.142E-021   1.331E-015   8.498E-011   7.278E-007   8.183E-004   9.992E-001
 7.51   1.018E-033   9.766E-027   8.265E-021   1.499E-015   9.312E-011   7.758E-007   8.436E-004   9.992E-001
 7.50   1.244E-033   1.162E-026   9.568E-021   1.688E-015   1.021E-010   8.271E-007   8.697E-004   9.991E-001
 7.49   1.521E-033   1.383E-026   1.108E-020   1.903E-015   1.119E-010   8.820E-007   8.968E-004   9.991E-001
 7.48   1.860E-033   1.647E-026   1.283E-020   2.145E-015   1.227E-010   9.408E-007   9.248E-004   9.991E-001
 7.47   2.275E-033   1.961E-026   1.487E-020   2.418E-015   1.346E-010   1.004E-006   9.539E-004   9.990E-001
 7.46   2.784E-033   2.337E-026   1.724E-020   2.728E-015   1.477E-010   1.071E-006   9.840E-004   9.990E-001
 7.45   3.408E-033   2.785E-026   1.998E-020   3.077E-015   1.621E-010   1.143E-006   1.015E-003   9.990E-001
 7.44   4.174E-033   3.320E-026   2.318E-020   3.472E-015   1.779E-010   1.221E-006   1.047E-003   9.990E-001
 7.43   5.113E-033   3.960E-026   2.688E-020   3.918E-015   1.953E-010   1.304E-006   1.081E-003   9.989E-001
 7.42   6.267E-033   4.724E-026   3.120E-020   4.424E-015   2.145E-010   1.393E-006   1.116E-003   9.989E-001
 7.41   7.684E-033   5.638E-026   3.622E-020   4.996E-015   2.356E-010   1.489E-006   1.152E-003   9.988E-001
 7.40   9.427E-033   6.733E-026   4.206E-020   5.644E-015   2.589E-010   1.591E-006   1.189E-003   9.988E-001
 7.39   1.157E-032   8.043E-026   4.886E-020   6.378E-015   2.846E-010   1.702E-006   1.228E-003   9.988E-001
 7.38   1.421E-032   9.613E-026   5.679E-020   7.211E-015   3.129E-010   1.820E-006   1.268E-003   9.987E-001
 7.37   1.745E-032   1.149E-025   6.603E-020   8.155E-015   3.442E-010   1.947E-006   1.310E-003   9.987E-001
 7.36   2.145E-032   1.375E-025   7.679E-020   9.226E-015   3.787E-010   2.084E-006   1.353E-003   9.986E-001
 7.35   2.637E-032   1.645E-025   8.934E-020   1.044E-014   4.168E-010   2.232E-006   1.398E-003   9.986E-001
 7.34   3.243E-032   1.968E-025   1.040E-019   1.182E-014   4.588E-010   2.390E-006   1.445E-003   9.986E-001
 7.33   3.990E-032   2.357E-025   1.210E-019   1.338E-014   5.052E-010   2.560E-006   1.494E-003   9.985E-001
 7.32   4.912E-032   2.823E-025   1.409E-019   1.516E-014   5.564E-010   2.744E-006   1.544E-003   9.985E-001
 7.31   6.049E-032   3.383E-025   1.642E-019   1.717E-014   6.131E-010   2.941E-006   1.597E-003   9.984E-001
 7.30   7.453E-032   4.055E-025   1.913E-019   1.946E-014   6.757E-010   3.154E-006   1.652E-003   9.983E-001
 7.29   9.189E-032   4.865E-025   2.231E-019   2.207E-014   7.451E-010   3.384E-006   1.709E-003   9.983E-001
 7.28   1.133E-031   5.838E-025   2.603E-019   2.504E-014   8.220E-010   3.632E-006   1.768E-003   9.982E-001
 7.27   1.399E-031   7.010E-025   3.038E-019   2.842E-014   9.071E-010   3.899E-006   1.830E-003   9.982E-001
 7.26   1.727E-031   8.421E-025   3.547E-019   3.226E-014   1.001E-009   4.188E-006   1.894E-003   9.981E-001
 7.25   2.134E-031   1.012E-024   4.143E-019   3.664E-014   1.106E-009   4.500E-006   1.961E-003   9.980E-001
 7.24   2.637E-031   1.217E-024   4.841E-019   4.163E-014   1.221E-009   4.837E-006   2.031E-003   9.980E-001
 7.23   3.261E-031   1.464E-024   5.659E-019   4.731E-014   1.350E-009   5.201E-006   2.104E-003   9.979E-001
 7.22   4.035E-031   1.762E-024   6.618E-019   5.379E-014   1.492E-009   5.595E-006   2.181E-003   9.978E-001
 7.21   4.995E-031   2.121E-024   7.743E-019   6.118E-014   1.650E-009   6.022E-006   2.260E-003   9.977E-001
 7.20   6.186E-031   2.555E-024   9.063E-019   6.962E-014   1.825E-009   6.484E-006   2.344E-003   9.976E-001
 7.19   7.666E-031   3.080E-024   1.061E-018   7.926E-014   2.020E-009   6.984E-006   2.431E-003   9.976E-001
 7.18   9.506E-031   3.714E-024   1.244E-018   9.027E-014   2.236E-009   7.527E-006   2.521E-003   9.975E-001
 7.17   1.179E-030   4.481E-024   1.458E-018   1.029E-013   2.477E-009   8.116E-006   2.616E-003   9.974E-001
 7.16   1.464E-030   5.410E-024   1.710E-018   1.173E-013   2.745E-009   8.755E-006   2.716E-003   9.973E-001
 7.15   1.819E-030   6.536E-024   2.006E-018   1.337E-013   3.044E-009   9.448E-006   2.820E-003   9.972E-001
 7.14   2.261E-030   7.900E-024   2.356E-018   1.526E-013   3.375E-009   1.020E-005   2.929E-003   9.971E-001
 7.13   2.812E-030   9.553E-024   2.767E-018   1.742E-013   3.745E-009   1.102E-005   3.042E-003   9.969E-001
 7.12   3.500E-030   1.156E-023   3.252E-018   1.989E-013   4.156E-009   1.191E-005   3.162E-003   9.968E-001
 7.11   4.358E-030   1.399E-023   3.824E-018   2.272E-013   4.615E-009   1.288E-005   3.286E-003   9.967E-001
 7.10   5.430E-030   1.695E-023   4.498E-018   2.596E-013   5.126E-009   1.393E-005   3.417E-003   9.966E-001
 7.09   6.769E-030   2.054E-023   5.293E-018   2.969E-013   5.697E-009   1.508E-005   3.555E-003   9.964E-001
 7.08   8.444E-030   2.491E-023   6.232E-018   3.396E-013   6.334E-009   1.633E-005   3.699E-003   9.963E-001
 7.07   1.054E-029   3.023E-023   7.342E-018   3.887E-013   7.045E-009   1.769E-005   3.850E-003   9.961E-001
 7.06   1.316E-029   3.670E-023   8.654E-018   4.451E-013   7.840E-009   1.918E-005   4.009E-003   9.960E-001
 7.05   1.645E-029   4.458E-023   1.021E-017   5.099E-013   8.729E-009   2.080E-005   4.176E-003   9.958E-001
 7.04   2.058E-029   5.419E-023   1.204E-017   5.845E-013   9.723E-009   2.258E-005   4.351E-003   9.956E-001
 7.03   2.576E-029   6.591E-023   1.422E-017   6.703E-013   1.084E-008   2.452E-005   4.536E-003   9.954E-001
 7.02   3.226E-029   8.022E-023   1.680E-017   7.691E-013   1.208E-008   2.664E-005   4.730E-003   9.952E-001
 7.01   4.043E-029   9.770E-023   1.986E-017   8.830E-013   1.348E-008   2.896E-005   4.935E-003   9.950E-001
 7.00   5.070E-029   1.191E-022   2.349E-017   1.014E-012   1.504E-008   3.151E-005   5.151E-003   9.948E-001
 6.99   6.363E-029   1.452E-022   2.779E-017   1.165E-012   1.679E-008   3.430E-005   5.378E-003   9.946E-001
 6.98   7.990E-029   1.771E-022   3.291E-017   1.340E-012   1.876E-008   3.735E-005   5.618E-003   9.943E-001
 6.97   1.004E-028   2.163E-022   3.899E-017   1.542E-012   2.097E-008   4.071E-005   5.872E-003   9.941E-001
 6.96   1.263E-028   2.642E-022   4.622E-017   1.774E-012   2.345E-008   4.440E-005   6.139E-003   9.938E-001
 6.95   1.589E-028   3.230E-022   5.483E-017   2.044E-012   2.624E-008   4.845E-005   6.422E-003   9.935E-001
 6.94   2.002E-028   3.952E-022   6.508E-017   2.355E-012   2.937E-008   5.290E-005   6.720E-003   9.932E-001
 6.93   2.524E-028   4.839E-022   7.731E-017   2.715E-012   3.289E-008   5.781E-005   7.036E-003   9.929E-001
 6.92   3.184E-028   5.929E-022   9.189E-017   3.133E-012   3.686E-008   6.322E-005   7.369E-003   9.926E-001
 6.91   4.020E-028   7.271E-022   1.093E-016   3.616E-012   4.133E-008   6.918E-005   7.723E-003   9.922E-001
 6.90   5.081E-028   8.923E-022   1.301E-016   4.177E-012   4.637E-008   7.575E-005   8.097E-003   9.918E-001
 6.89   6.427E-028   1.096E-021   1.550E-016   4.829E-012   5.206E-008   8.302E-005   8.495E-003   9.914E-001
 6.88   8.136E-028   1.347E-021   1.848E-016   5.585E-012   5.849E-008   9.105E-005   8.916E-003   9.910E-001
 6.87   1.031E-027   1.657E-021   2.204E-016   6.464E-012   6.574E-008   9.994E-005   9.364E-003   9.905E-001
 6.86   1.307E-027   2.041E-021   2.631E-016   7.487E-012   7.395E-008   1.098E-004   9.840E-003   9.901E-001
 6.85   1.659E-027   2.514E-021   3.143E-016   8.678E-012   8.323E-008   1.207E-004   1.035E-002   9.895E-001
 6.84   2.108E-027   3.100E-021   3.758E-016   1.006E-011   9.373E-008   1.328E-004   1.088E-002   9.890E-001
 6.83   2.679E-027   3.826E-021   4.496E-016   1.168E-011   1.056E-007   1.462E-004   1.146E-002   9.884E-001
 6.82   3.409E-027   4.725E-021   5.382E-016   1.357E-011   1.191E-007   1.612E-004   1.207E-002   9.878E-001
 6.81   4.342E-027   5.840E-021   6.448E-016   1.577E-011   1.344E-007   1.778E-004   1.272E-002   9.871E-001
 6.80   5.535E-027   7.225E-021   7.732E-016   1.833E-011   1.517E-007   1.962E-004   1.341E-002   9.864E-001
 6.79   7.063E-027   8.947E-021   9.279E-016   2.133E-011   1.713E-007   2.168E-004   1.415E-002   9.856E-001
 6.78   9.022E-027   1.109E-020   1.114E-015   2.484E-011   1.937E-007   2.397E-004   1.494E-002   9.848E-001
 6.77   1.154E-026   1.376E-020   1.340E-015   2.895E-011   2.190E-007   2.652E-004   1.578E-002   9.839E-001
 6.76   1.476E-026   1.708E-020   1.612E-015   3.375E-011   2.479E-007   2.938E-004   1.669E-002   9.830E-001
 6.75   1.891E-026   2.123E-020   1.940E-015   3.939E-011   2.807E-007   3.257E-004   1.765E-002   9.820E-001
 6.74   2.425E-026   2.640E-020   2.338E-015   4.601E-011   3.181E-007   3.614E-004   1.869E-002   9.810E-001
 6.73   3.113E-026   3.287E-020   2.820E-015   5.378E-011   3.608E-007   4.014E-004   1.979E-002   9.798E-001
 6.72   4.000E-026   4.097E-020   3.404E-015   6.292E-011   4.095E-007   4.463E-004   2.098E-002   9.786E-001
 6.71   5.146E-026   5.111E-020   4.114E-015   7.367E-011   4.651E-007   4.968E-004   2.225E-002   9.773E-001
 6.70   6.626E-026   6.383E-020   4.975E-015   8.633E-011   5.287E-007   5.534E-004   2.362E-002   9.758E-001
 6.69   8.543E-026   7.980E-020   6.024E-015   1.013E-010   6.014E-007   6.172E-004   2.509E-002   9.743E-001
 6.68   1.103E-025   9.988E-020   7.300E-015   1.188E-010   6.846E-007   6.890E-004   2.667E-002   9.726E-001
 6.67   1.425E-025   1.251E-019   8.855E-015   1.396E-010   7.798E-007   7.700E-004   2.838E-002   9.709E-001
 6.66   1.844E-025   1.570E-019   1.075E-014   1.642E-010   8.890E-007   8.614E-004   3.021E-002   9.689E-001
 6.65   2.388E-025   1.971E-019   1.307E-014   1.932E-010   1.014E-006   9.647E-004   3.219E-002   9.668E-001
 6.64   3.097E-025   2.477E-019   1.590E-014   2.276E-010   1.158E-006   1.082E-003   3.433E-002   9.646E-001
 6.63   4.021E-025   3.117E-019   1.937E-014   2.683E-010   1.324E-006   1.214E-003   3.663E-002   9.622E-001
 6.62   5.227E-025   3.927E-019   2.361E-014   3.167E-010   1.514E-006   1.364E-003   3.912E-002   9.595E-001
 6.61   6.803E-025   4.953E-019   2.881E-014   3.741E-010   1.733E-006   1.534E-003   4.182E-002   9.566E-001
 6.60   8.866E-025   6.255E-019   3.521E-014   4.423E-010   1.985E-006   1.728E-003   4.473E-002   9.535E-001
 6.59   1.157E-024   7.908E-019   4.306E-014   5.236E-010   2.276E-006   1.949E-003   4.789E-002   9.502E-001
 6.58   1.512E-024   1.001E-018   5.274E-014   6.204E-010   2.612E-006   2.200E-003   5.132E-002   9.465E-001
 6.57   1.978E-024   1.269E-018   6.466E-014   7.359E-010   3.000E-006   2.487E-003   5.503E-002   9.425E-001
 6.56   2.591E-024   1.610E-018   7.937E-014   8.736E-010   3.448E-006   2.814E-003   5.906E-002   9.381E-001
 6.55   3.399E-024   2.046E-018   9.754E-014   1.038E-009   3.966E-006   3.188E-003   6.342E-002   9.334E-001
 6.54   4.465E-024   2.603E-018   1.200E-013   1.235E-009   4.565E-006   3.615E-003   6.815E-002   9.282E-001
 6.53   5.872E-024   3.315E-018   1.477E-013   1.470E-009   5.258E-006   4.105E-003   7.327E-002   9.226E-001
 6.52   7.732E-024   4.226E-018   1.821E-013   1.751E-009   6.060E-006   4.665E-003   7.882E-002   9.165E-001
 6.51   1.019E-023   5.393E-018   2.246E-013   2.087E-009   6.988E-006   5.306E-003   8.483E-002   9.099E-001
 6.50   1.344E-023   6.888E-018   2.773E-013   2.490E-009   8.061E-006   6.041E-003   9.133E-002   9.026E-001
 6.49   1.775E-023   8.804E-018   3.425E-013   2.972E-009   9.303E-006   6.883E-003   9.835E-002   8.948E-001
 6.48   2.346E-023   1.126E-017   4.234E-013   3.549E-009   1.074E-005   7.848E-003   1.059E-001   8.862E-001
 6.47   3.102E-023   1.441E-017   5.237E-013   4.240E-009   1.240E-005   8.955E-003   1.141E-001   8.769E-001
 6.46   4.106E-023   1.846E-017   6.481E-013   5.069E-009   1.432E-005   1.022E-002   1.230E-001   8.668E-001
 6.45   5.438E-023   2.366E-017   8.023E-013   6.060E-009   1.653E-005   1.168E-002   1.325E-001   8.558E-001
 6.44   7.205E-023   3.033E-017   9.935E-013   7.246E-009   1.909E-005   1.334E-002   1.427E-001   8.440E-001
 6.43   9.552E-023   3.890E-017   1.231E-012   8.665E-009   2.204E-005   1.525E-002   1.536E-001   8.311E-001
 6.42   1.267E-022   4.990E-017   1.524E-012   1.036E-008   2.543E-005   1.743E-002   1.654E-001   8.172E-001
 6.41   1.680E-022   6.401E-017   1.888E-012   1.238E-008   2.932E-005   1.992E-002   1.779E-001   8.022E-001
 6.40   2.227E-022   8.209E-017   2.337E-012   1.479E-008   3.379E-005   2.275E-002   1.912E-001   7.861E-001
 6.39   2.952E-022   1.052E-016   2.892E-012   1.766E-008   3.889E-005   2.598E-002   2.052E-001   7.687E-001
 6.38   3.912E-022   1.348E-016   3.576E-012   2.106E-008   4.472E-005   2.965E-002   2.201E-001   7.502E-001
 6.37   5.181E-022   1.727E-016   4.419E-012   2.510E-008   5.135E-005   3.381E-002   2.358E-001   7.304E-001
 6.36   6.855E-022   2.209E-016   5.455E-012   2.987E-008   5.887E-005   3.851E-002   2.521E-001   7.093E-001
 6.35   9.062E-022   2.822E-016   6.725E-012   3.549E-008   6.736E-005   4.381E-002   2.691E-001   6.870E-001
 6.34   1.196E-021   3.602E-016   8.279E-012   4.211E-008   7.694E-005   4.977E-002   2.867E-001   6.635E-001
 6.33   1.578E-021   4.590E-016   1.018E-011   4.987E-008   8.768E-005   5.643E-002   3.047E-001   6.388E-001
 6.32   2.077E-021   5.839E-016   1.249E-011   5.895E-008   9.969E-005   6.387E-002   3.230E-001   6.130E-001
 6.31   2.729E-021   7.415E-016   1.529E-011   6.952E-008   1.131E-004   7.213E-002   3.415E-001   5.862E-001
 6.30   3.580E-021   9.398E-016   1.868E-011   8.180E-008   1.279E-004   8.129E-002   3.600E-001   5.586E-001
 6.29   4.687E-021   1.189E-015   2.278E-011   9.600E-008   1.442E-004   9.139E-002   3.782E-001   5.302E-001
 6.28   6.123E-021   1.500E-015   2.770E-011   1.124E-007   1.621E-004   1.025E-001   3.960E-001   5.014E-001
 6.27   7.980E-021   1.888E-015   3.360E-011   1.312E-007   1.817E-004   1.146E-001   4.131E-001   4.722E-001
 6.26   1.037E-020   2.370E-015   4.065E-011   1.526E-007   2.029E-004   1.278E-001   4.292E-001   4.429E-001
 6.25   1.345E-020   2.968E-015   4.903E-011   1.771E-007   2.258E-004   1.420E-001   4.441E-001   4.137E-001
 6.24   1.739E-020   3.705E-015   5.896E-011   2.047E-007   2.504E-004   1.573E-001   4.575E-001   3.849E-001
 6.23   2.242E-020   4.612E-015   7.068E-011   2.359E-007   2.765E-004   1.736E-001   4.693E-001   3.568E-001
 6.22   2.882E-020   5.723E-015   8.446E-011   2.709E-007   3.042E-004   1.910E-001   4.792E-001   3.294E-001
 6.21   3.694E-020   7.079E-015   1.006E-010   3.101E-007   3.333E-004   2.094E-001   4.872E-001   3.031E-001
 6.20   4.721E-020   8.731E-015   1.194E-010   3.537E-007   3.639E-004   2.287E-001   4.931E-001   2.778E-001
 6.19   6.015E-020   1.074E-014   1.413E-010   4.021E-007   3.957E-004   2.489E-001   4.969E-001   2.538E-001
 6.18   7.642E-020   1.316E-014   1.667E-010   4.555E-007   4.287E-004   2.699E-001   4.986E-001   2.311E-001
 6.17   9.682E-020   1.609E-014   1.961E-010   5.144E-007   4.627E-004   2.917E-001   4.982E-001   2.097E-001
 6.16   1.223E-019   1.961E-014   2.300E-010   5.791E-007   4.976E-004   3.141E-001   4.957E-001   1.897E-001
 6.15   1.542E-019   2.383E-014   2.689E-010   6.499E-007   5.332E-004   3.371E-001   4.912E-001   1.712E-001
 6.14   1.938E-019   2.890E-014   3.136E-010   7.271E-007   5.694E-004   3.606E-001   4.849E-001   1.540E-001
 6.13   2.430E-019   3.495E-014   3.647E-010   8.112E-007   6.061E-004   3.844E-001   4.768E-001   1.382E-001
 6.12   3.041E-019   4.217E-014   4.232E-010   9.026E-007   6.430E-004   4.085E-001   4.672E-001   1.237E-001
 6.11   3.798E-019   5.077E-014   4.899E-010   1.002E-006   6.801E-004   4.327E-001   4.562E-001   1.105E-001
 6.10   4.735E-019   6.102E-014   5.659E-010   1.109E-006   7.173E-004   4.568E-001   4.440E-001   9.845E-002
 6.09   5.895E-019   7.322E-014   6.526E-010   1.226E-006   7.546E-004   4.809E-001   4.307E-001   8.759E-002
 6.08   7.328E-019   8.772E-014   7.513E-010   1.352E-006   7.919E-004   5.048E-001   4.166E-001   7.780E-002
 6.07   9.099E-019   1.050E-013   8.637E-010   1.488E-006   8.292E-004   5.285E-001   4.017E-001   6.900E-002
 6.06   1.129E-018   1.255E-013   9.917E-010   1.636E-006   8.665E-004   5.517E-001   3.864E-001   6.111E-002
 6.05   1.399E-018   1.499E-013   1.138E-009   1.797E-006   9.039E-004   5.744E-001   3.706E-001   5.407E-002
 6.04   1.734E-018   1.789E-013   1.304E-009   1.971E-006   9.413E-004   5.966E-001   3.547E-001   4.778E-002
 6.03   2.147E-018   2.134E-013   1.494E-009   2.160E-006   9.790E-004   6.181E-001   3.387E-001   4.219E-002
 6.02   2.660E-018   2.546E-013   1.711E-009   2.366E-006   1.017E-003   6.390E-001   3.228E-001   3.722E-002
 6.01   3.296E-018   3.038E-013   1.960E-009   2.591E-006   1.056E-003   6.591E-001   3.070E-001   3.280E-002
 6.00   4.087E-018   3.627E-013   2.245E-009   2.837E-006   1.095E-003   6.785E-001   2.915E-001   2.889E-002
 5.99   5.072E-018   4.333E-013   2.574E-009   3.108E-006   1.136E-003   6.971E-001   2.763E-001   2.543E-002
 5.98   6.301E-018   5.182E-013   2.954E-009   3.407E-006   1.178E-003   7.150E-001   2.615E-001   2.236E-002
 5.97   7.839E-018   6.206E-013   3.393E-009   3.737E-006   1.221E-003   7.321E-001   2.470E-001   1.965E-002
 5.96   9.768E-018   7.442E-013   3.902E-009   4.104E-006   1.267E-003   7.484E-001   2.331E-001   1.726E-002
 5.95   1.219E-017   8.939E-013   4.494E-009   4.511E-006   1.316E-003   7.640E-001   2.196E-001   1.515E-002
 5.94   1.525E-017   1.076E-012   5.185E-009   4.965E-006   1.367E-003   7.788E-001   2.066E-001   1.329E-002
 5.93   1.911E-017   1.297E-012   5.993E-009   5.474E-006   1.422E-003   7.928E-001   1.941E-001   1.165E-002
 5.92   2.400E-017   1.567E-012   6.940E-009   6.046E-006   1.480E-003   8.062E-001   1.821E-001   1.021E-002
 5.91   3.023E-017   1.898E-012   8.056E-009   6.690E-006   1.543E-003   8.188E-001   1.707E-001   8.938E-003
 5.90   3.818E-017   2.306E-012   9.375E-009   7.419E-006   1.611E-003   8.307E-001   1.598E-001   7.825E-003
 5.89   4.835E-017   2.808E-012   1.094E-008   8.246E-006   1.685E-003   8.420E-001   1.495E-001   6.850E-003
 5.88   6.142E-017   3.430E-012   1.280E-008   9.187E-006   1.764E-003   8.526E-001   1.397E-001   5.995E-003
 5.87   7.826E-017   4.202E-012   1.501E-008   1.026E-005   1.851E-003   8.625E-001   1.304E-001   5.249E-003
 5.86   1.000E-016   5.163E-012   1.766E-008   1.149E-005   1.946E-003   8.717E-001   1.217E-001   4.597E-003
 5.85   1.283E-016   6.363E-012   2.083E-008   1.289E-005   2.048E-003   8.804E-001   1.135E-001   4.028E-003
 5.84   1.650E-016   7.866E-012   2.465E-008   1.450E-005   2.161E-003   8.884E-001   1.059E-001   3.533E-003
 5.83   2.129E-016   9.754E-012   2.924E-008   1.636E-005   2.283E-003   8.959E-001   9.871E-002   3.102E-003
 5.82   2.756E-016   1.213E-011   3.479E-008   1.849E-005   2.417E-003   9.028E-001   9.205E-002   2.728E-003
 5.81   3.578E-016   1.514E-011   4.151E-008   2.096E-005   2.563E-003   9.091E-001   8.587E-002   2.402E-003
 5.80   4.661E-016   1.894E-011   4.966E-008   2.382E-005   2.722E-003   9.150E-001   8.013E-002   2.119E-003
 5.79   6.091E-016   2.377E-011   5.960E-008   2.713E-005   2.897E-003   9.204E-001   7.482E-002   1.873E-003
 5.78   7.985E-016   2.993E-011   7.172E-008   3.098E-005   3.088E-003   9.253E-001   6.991E-002   1.659E-003
 5.77   1.050E-015   3.780E-011   8.656E-008   3.547E-005   3.297E-003   9.298E-001   6.537E-002   1.472E-003
 5.76   1.386E-015   4.789E-011   1.048E-007   4.070E-005   3.526E-003   9.339E-001   6.118E-002   1.309E-003
 5.75   1.834E-015   6.088E-011   1.272E-007   4.684E-005   3.778E-003   9.377E-001   5.730E-002   1.167E-003
 5.74   2.436E-015   7.761E-011   1.549E-007   5.402E-005   4.054E-003   9.411E-001   5.371E-002   1.042E-003
 5.73   3.246E-015   9.927E-011   1.891E-007   6.246E-005   4.357E-003   9.443E-001   5.038E-002   9.314E-004
 5.72   4.340E-015   1.274E-010   2.317E-007   7.241E-005   4.691E-003   9.471E-001   4.729E-002   8.343E-004
 5.71   5.820E-015   1.640E-010   2.845E-007   8.414E-005   5.057E-003   9.497E-001   4.443E-002   7.484E-004
 5.70   7.830E-015   2.117E-010   3.505E-007   9.801E-005   5.460E-003   9.520E-001   4.175E-002   6.722E-004
 5.69   1.056E-014   2.740E-010   4.327E-007   1.144E-004   5.902E-003   9.541E-001   3.926E-002   6.044E-004
 5.68   1.429E-014   3.557E-010   5.358E-007   1.338E-004   6.388E-003   9.560E-001   3.694E-002   5.441E-004
 5.67   1.940E-014   4.631E-010   6.651E-007   1.568E-004   6.922E-003   9.577E-001   3.476E-002   4.901E-004
 5.66   2.640E-014   6.046E-010   8.279E-007   1.843E-004   7.510E-003   9.591E-001   3.273E-002   4.419E-004
 5.65   3.604E-014   7.915E-010   1.033E-006   2.169E-004   8.157E-003   9.604E-001   3.082E-002   3.988E-004
 5.64   4.932E-014   1.039E-009   1.292E-006   2.558E-004   8.867E-003   9.615E-001   2.904E-002   3.601E-004
 5.63   6.769E-014   1.367E-009   1.620E-006   3.023E-004   9.649E-003   9.624E-001   2.737E-002   3.254E-004
 5.62   9.316E-014   1.804E-009   2.036E-006   3.579E-004   1.051E-002   9.630E-001   2.580E-002   2.943E-004
 5.61   1.286E-013   2.387E-009   2.565E-006   4.245E-004   1.146E-002   9.635E-001   2.434E-002   2.665E-004
 5.60   1.779E-013   3.167E-009   3.239E-006   5.044E-004   1.250E-002   9.638E-001   2.297E-002   2.415E-004
 5.59   2.468E-013   4.211E-009   4.099E-006   6.004E-004   1.364E-002   9.638E-001   2.170E-002   2.192E-004
 5.58   3.432E-013   5.613E-009   5.198E-006   7.157E-004   1.490E-002   9.637E-001   2.052E-002   1.993E-004
 5.57   4.785E-013   7.499E-009   6.605E-006   8.543E-004   1.628E-002   9.633E-001   1.942E-002   1.816E-004
 5.56   6.685E-013   1.004E-008   8.406E-006   1.021E-003   1.779E-002   9.626E-001   1.840E-002   1.657E-004
 5.55   9.358E-013   1.346E-008   1.072E-005   1.221E-003   1.945E-002   9.617E-001   1.745E-002   1.517E-004
 5.54   1.312E-012   1.808E-008   1.368E-005   1.462E-003   2.125E-002   9.605E-001   1.658E-002   1.391E-004
 5.53   1.842E-012   2.432E-008   1.747E-005   1.750E-003   2.322E-002   9.591E-001   1.578E-002   1.280E-004
 5.52   2.589E-012   3.274E-008   2.234E-005   2.096E-003   2.535E-002   9.574E-001   1.504E-002   1.181E-004
 5.51   3.643E-012   4.412E-008   2.859E-005   2.510E-003   2.765E-002   9.553E-001   1.436E-002   1.092E-004
 5.50   5.128E-012   5.949E-008   3.658E-005   3.005E-003   3.012E-002   9.530E-001   1.374E-002   1.013E-004
 5.49   7.221E-012   8.021E-008   4.680E-005   3.594E-003   3.277E-002   9.503E-001   1.316E-002   9.432E-005
 5.48   1.017E-011   1.081E-007   5.986E-005   4.294E-003   3.559E-002   9.473E-001   1.263E-002   8.803E-005
 5.47   1.431E-011   1.457E-007   7.649E-005   5.122E-003   3.857E-002   9.440E-001   1.214E-002   8.238E-005
 5.46   2.013E-011   1.962E-007   9.764E-005   6.100E-003   4.170E-002   9.403E-001   1.169E-002   7.731E-005
 5.45   2.828E-011   2.639E-007   1.244E-004   7.248E-003   4.497E-002   9.363E-001   1.127E-002   7.273E-005
 5.44   3.968E-011   3.543E-007   1.583E-004   8.591E-003   4.835E-002   9.320E-001   1.088E-002   6.858E-005
 5.43   5.560E-011   4.751E-007   2.010E-004   1.015E-002   5.181E-002   9.273E-001   1.052E-002   6.482E-005
 5.42   7.774E-011   6.356E-007   2.546E-004   1.196E-002   5.532E-002   9.222E-001   1.018E-002   6.139E-005
 5.41   1.085E-010   8.485E-007   3.216E-004   1.405E-002   5.885E-002   9.169E-001   9.865E-003   5.825E-005
 5.40   1.509E-010   1.130E-006   4.051E-004   1.643E-002   6.234E-002   9.112E-001   9.569E-003   5.538E-005
 5.39   2.095E-010   1.500E-006   5.086E-004   1.915E-002   6.576E-002   9.052E-001   9.291E-003   5.274E-005
 5.38   2.898E-010   1.985E-006   6.362E-004   2.221E-002   6.906E-002   8.990E-001   9.030E-003   5.030E-005
 5.37   3.997E-010   2.618E-006   7.930E-004   2.565E-002   7.219E-002   8.925E-001   8.783E-003   4.804E-005
 5.36   5.492E-010   3.441E-006   9.845E-004   2.949E-002   7.511E-002   8.858E-001   8.550E-003   4.594E-005
 5.35   7.519E-010   4.506E-006   1.217E-003   3.373E-002   7.777E-002   8.789E-001   8.329E-003   4.399E-005
 5.34   1.026E-009   5.877E-006   1.499E-003   3.839E-002   8.012E-002   8.718E-001   8.118E-003   4.216E-005
 5.33   1.393E-009   7.635E-006   1.837E-003   4.347E-002   8.214E-002   8.646E-001   7.918E-003   4.045E-005
 5.32   1.885E-009   9.879E-006   2.241E-003   4.896E-002   8.380E-002   8.572E-001   7.726E-003   3.885E-005
 5.31   2.541E-009   1.273E-005   2.723E-003   5.486E-002   8.508E-002   8.497E-001   7.543E-003   3.734E-005
 5.30   3.412E-009   1.634E-005   3.292E-003   6.115E-002   8.596E-002   8.422E-001   7.367E-003   3.592E-005
 5.29   4.563E-009   2.089E-005   3.964E-003   6.779E-002   8.643E-002   8.346E-001   7.199E-003   3.457E-005
 5.28   6.079E-009   2.660E-005   4.750E-003   7.476E-002   8.650E-002   8.269E-001   7.036E-003   3.330E-005
 5.27   8.071E-009   3.374E-005   5.670E-003   8.202E-002   8.619E-002   8.192E-001   6.879E-003   3.208E-005
 5.26   1.068E-008   4.265E-005   6.738E-003   8.951E-002   8.550E-002   8.114E-001   6.728E-003   3.093E-005
 5.25   1.408E-008   5.372E-005   7.976E-003   9.718E-002   8.447E-002   8.037E-001   6.581E-003   2.983E-005
 5.24   1.849E-008   6.742E-005   9.401E-003   1.050E-001   8.312E-002   7.960E-001   6.438E-003   2.877E-005
 5.23   2.422E-008   8.432E-005   1.104E-002   1.128E-001   8.148E-002   7.882E-001   6.300E-003   2.777E-005
 5.22   3.161E-008   1.051E-004   1.291E-002   1.207E-001   7.960E-002   7.805E-001   6.165E-003   2.680E-005
 5.21   4.113E-008   1.306E-004   1.504E-002   1.285E-001   7.752E-002   7.728E-001   6.033E-003   2.587E-005
 5.20   5.335E-008   1.617E-004   1.745E-002   1.361E-001   7.527E-002   7.651E-001   5.905E-003   2.497E-005
 5.19   6.899E-008   1.997E-004   2.018E-002   1.435E-001   7.289E-002   7.574E-001   5.779E-003   2.411E-005
 5.18   8.898E-008   2.458E-004   2.326E-002   1.507E-001   7.043E-002   7.497E-001   5.656E-003   2.327E-005
 5.17   1.144E-007   3.018E-004   2.672E-002   1.575E-001   6.791E-002   7.420E-001   5.535E-003   2.247E-005
 5.16   1.467E-007   3.694E-004   3.058E-002   1.639E-001   6.538E-002   7.343E-001   5.416E-003   2.168E-005
 5.15   1.876E-007   4.508E-004   3.488E-002   1.699E-001   6.286E-002   7.266E-001   5.299E-003   2.093E-005
 5.14   2.392E-007   5.486E-004   3.965E-002   1.753E-001   6.038E-002   7.189E-001   5.183E-003   2.019E-005
 5.13   3.042E-007   6.658E-004   4.492E-002   1.802E-001   5.797E-002   7.112E-001   5.070E-003   1.947E-005
 5.12   3.858E-007   8.057E-004   5.072E-002   1.844E-001   5.563E-002   7.034E-001   4.957E-003   1.877E-005
 5.11   4.879E-007   9.724E-004   5.708E-002   1.880E-001   5.340E-002   6.957E-001   4.846E-003   1.809E-005
 5.10   6.155E-007   1.170E-003   6.401E-002   1.909E-001   5.128E-002   6.879E-001   4.736E-003   1.743E-005
 5.09   7.743E-007   1.404E-003   7.153E-002   1.931E-001   4.928E-002   6.800E-001   4.627E-003   1.679E-005
 5.08   9.717E-007   1.681E-003   7.966E-002   1.946E-001   4.740E-002   6.722E-001   4.519E-003   1.616E-005
 5.07   1.216E-006   2.006E-003   8.839E-002   1.953E-001   4.566E-002   6.643E-001   4.412E-003   1.554E-005
 5.06   1.518E-006   2.387E-003   9.772E-002   1.952E-001   4.404E-002   6.563E-001   4.306E-003   1.494E-005
 5.05   1.890E-006   2.832E-003   1.076E-001   1.945E-001   4.256E-002   6.483E-001   4.201E-003   1.436E-005
 5.04   2.346E-006   3.351E-003   1.181E-001   1.930E-001   4.121E-002   6.402E-001   4.097E-003   1.379E-005
 5.03   2.905E-006   3.954E-003   1.291E-001   1.908E-001   3.998E-002   6.321E-001   3.994E-003   1.323E-005
 5.02   3.587E-006   4.653E-003   1.406E-001   1.880E-001   3.888E-002   6.240E-001   3.891E-003   1.269E-005
 5.01   4.417E-006   5.459E-003   1.525E-001   1.846E-001   3.789E-002   6.158E-001   3.790E-003   1.216E-005
 5.00   5.424E-006   6.385E-003   1.647E-001   1.806E-001   3.700E-002   6.076E-001   3.689E-003   1.164E-005
 4.99   6.643E-006   7.447E-003   1.773E-001   1.761E-001   3.622E-002   5.993E-001   3.590E-003   1.114E-005
 4.98   8.112E-006   8.660E-003   1.900E-001   1.713E-001   3.553E-002   5.910E-001   3.492E-003   1.066E-005
 4.97   9.878E-006   1.004E-002   2.029E-001   1.661E-001   3.492E-002   5.827E-001   3.395E-003   1.019E-005
 4.96   1.200E-005   1.161E-002   2.157E-001   1.606E-001   3.438E-002   5.743E-001   3.300E-003   9.728E-006
 4.95   1.453E-005   1.338E-002   2.285E-001   1.550E-001   3.391E-002   5.660E-001   3.205E-003   9.286E-006
 4.94   1.755E-005   1.537E-002   2.412E-001   1.492E-001   3.351E-002   5.576E-001   3.112E-003   8.858E-006
 4.93   2.114E-005   1.762E-002   2.536E-001   1.434E-001   3.315E-002   5.492E-001   3.021E-003   8.445E-006
 4.92   2.540E-005   2.013E-002   2.656E-001   1.376E-001   3.284E-002   5.408E-001   2.931E-003   8.046E-006
 4.91   3.043E-005   2.292E-002   2.773E-001   1.319E-001   3.258E-002   5.325E-001   2.843E-003   7.662E-006
 4.90   3.636E-005   2.603E-002   2.884E-001   1.263E-001   3.235E-002   5.241E-001   2.756E-003   7.292E-006
 4.89   4.331E-005   2.948E-002   2.990E-001   1.209E-001   3.215E-002   5.158E-001   2.671E-003   6.935E-006
 4.88   5.145E-005   3.327E-002   3.090E-001   1.156E-001   3.198E-002   5.075E-001   2.588E-003   6.593E-006
 4.87   6.095E-005   3.743E-002   3.184E-001   1.106E-001   3.184E-002   4.992E-001   2.506E-003   6.264E-006
 4.86   7.200E-005   4.198E-002   3.270E-001   1.058E-001   3.172E-002   4.909E-001   2.426E-003   5.948E-006
 4.85   8.482E-005   4.694E-002   3.349E-001   1.013E-001   3.162E-002   4.827E-001   2.348E-003   5.646E-006
 4.84   9.965E-005   5.232E-002   3.421E-001   9.715E-002   3.155E-002   4.746E-001   2.271E-003   5.355E-006
 4.83   1.167E-004   5.814E-002   3.484E-001   9.324E-002   3.149E-002   4.664E-001   2.196E-003   5.078E-006
 4.82   1.363E-004   6.439E-002   3.539E-001   8.965E-002   3.145E-002   4.583E-001   2.123E-003   4.811E-006
 4.81   1.588E-004   7.107E-002   3.587E-001   8.636E-002   3.142E-002   4.503E-001   2.052E-003   4.557E-006
 4.80   1.845E-004   7.818E-002   3.626E-001   8.337E-002   3.141E-002   4.423E-001   1.982E-003   4.313E-006
 4.79   2.134E-004   8.572E-002   3.657E-001   8.069E-002   3.142E-002   4.343E-001   1.914E-003   4.081E-006
 4.78   2.463E-004   9.366E-002   3.681E-001   7.830E-002   3.144E-002   4.264E-001   1.848E-003   3.858E-006
 4.77   2.833E-004   1.020E-001   3.698E-001   7.619E-002   3.148E-002   4.185E-001   1.783E-003   3.646E-006
 4.76   3.250E-004   1.106E-001   3.707E-001   7.435E-002   3.153E-002   4.107E-001   1.719E-003   3.443E-006
 4.75   3.717E-004   1.196E-001   3.711E-001   7.277E-002   3.159E-002   4.029E-001   1.658E-003   3.250E-006
 4.74   4.237E-004   1.289E-001   3.708E-001   7.143E-002   3.167E-002   3.952E-001   1.598E-003   3.066E-006
 4.73   4.818E-004   1.385E-001   3.699E-001   7.031E-002   3.176E-002   3.875E-001   1.539E-003   2.890E-006
 4.72   5.470E-004   1.482E-001   3.685E-001   6.941E-002   3.187E-002   3.799E-001   1.482E-003   2.723E-006
 4.71   6.186E-004   1.582E-001   3.667E-001   6.870E-002   3.199E-002   3.723E-001   1.426E-003   2.563E-006
 4.70   6.983E-004   1.683E-001   3.645E-001   6.816E-002   3.212E-002   3.648E-001   1.372E-003   2.412E-006
 4.69   7.862E-004   1.784E-001   3.620E-001   6.778E-002   3.227E-002   3.574E-001   1.320E-003   2.268E-006
 4.68   8.831E-004   1.887E-001   3.592E-001   6.755E-002   3.243E-002   3.500E-001   1.269E-003   2.132E-006
 4.67   9.896E-004   1.989E-001   3.561E-001   6.745E-002   3.261E-002   3.427E-001   1.219E-003   2.003E-006
 4.66   1.106E-003   2.091E-001   3.529E-001   6.747E-002   3.280E-002   3.355E-001   1.171E-003   1.880E-006
 4.65   1.234E-003   2.191E-001   3.496E-001   6.758E-002   3.300E-002   3.284E-001   1.125E-003   1.764E-006
 4.64   1.374E-003   2.291E-001   3.462E-001   6.778E-002   3.321E-002   3.213E-001   1.080E-003   1.655E-006
 4.63   1.526E-003   2.389E-001   3.428E-001   6.806E-002   3.344E-002   3.143E-001   1.036E-003   1.551E-006
 4.62   1.692E-003   2.484E-001   3.394E-001   6.840E-002   3.368E-002   3.074E-001   9.941E-004   1.453E-006
 4.61   1.872E-003   2.577E-001   3.360E-001   6.879E-002   3.393E-002   3.007E-001   9.534E-004   1.361E-006
 4.60   2.068E-003   2.668E-001   3.328E-001   6.922E-002   3.420E-002   2.940E-001   9.142E-004   1.275E-006
 4.59   2.279E-003   2.755E-001   3.297E-001   6.969E-002   3.448E-002   2.874E-001   8.764E-004   1.193E-006
 4.58   2.507E-003   2.839E-001   3.268E-001   7.017E-002   3.477E-002   2.809E-001   8.400E-004   1.117E-006
 4.57   2.753E-003   2.920E-001   3.241E-001   7.067E-002   3.507E-002   2.746E-001   8.050E-004   1.045E-006
 4.56   3.016E-003   2.997E-001   3.216E-001   7.118E-002   3.539E-002   2.683E-001   7.713E-004   9.776E-007
 4.55   3.299E-003   3.071E-001   3.193E-001   7.168E-002   3.572E-002   2.622E-001   7.389E-004   9.144E-007
 4.54   3.601E-003   3.141E-001   3.172E-001   7.218E-002   3.605E-002   2.562E-001   7.078E-004   8.551E-007
 4.53   3.923E-003   3.207E-001   3.154E-001   7.266E-002   3.640E-002   2.503E-001   6.779E-004   7.995E-007
 4.52   4.266E-003   3.270E-001   3.137E-001   7.313E-002   3.676E-002   2.445E-001   6.492E-004   7.474E-007
 4.51   4.629E-003   3.329E-001   3.124E-001   7.357E-002   3.712E-002   2.388E-001   6.216E-004   6.986E-007
 4.50   5.013E-003   3.385E-001   3.112E-001   7.398E-002   3.750E-002   2.332E-001   5.951E-004   6.528E-007
 4.49   5.419E-003   3.437E-001   3.103E-001   7.437E-002   3.788E-002   2.277E-001   5.696E-004   6.098E-007
 4.48   5.846E-003   3.487E-001   3.096E-001   7.471E-002   3.827E-002   2.223E-001   5.450E-004   5.695E-007
 4.47   6.294E-003   3.533E-001   3.092E-001   7.503E-002   3.866E-002   2.170E-001   5.213E-004   5.316E-007
 4.46   6.765E-003   3.577E-001   3.089E-001   7.530E-002   3.906E-002   2.118E-001   4.985E-004   4.959E-007
 4.45   7.256E-003   3.618E-001   3.088E-001   7.553E-002   3.945E-002   2.066E-001   4.765E-004   4.624E-007
 4.44   7.770E-003   3.658E-001   3.090E-001   7.571E-002   3.985E-002   2.015E-001   4.552E-004   4.308E-007
 4.43   8.305E-003   3.695E-001   3.093E-001   7.585E-002   4.025E-002   1.964E-001   4.345E-004   4.010E-007
 4.42   8.862E-003   3.730E-001   3.097E-001   7.594E-002   4.064E-002   1.914E-001   4.146E-004   3.728E-007
 4.41   9.442E-003   3.763E-001   3.104E-001   7.598E-002   4.103E-002   1.865E-001   3.952E-004   3.462E-007
 4.40   1.004E-002   3.795E-001   3.112E-001   7.596E-002   4.140E-002   1.815E-001   3.763E-004   3.211E-007
 4.39   1.067E-002   3.826E-001   3.121E-001   7.590E-002   4.177E-002   1.766E-001   3.580E-004   2.972E-007
 4.38   1.132E-002   3.855E-001   3.132E-001   7.578E-002   4.211E-002   1.717E-001   3.401E-004   2.747E-007
 4.37   1.200E-002   3.884E-001   3.145E-001   7.560E-002   4.244E-002   1.668E-001   3.227E-004   2.533E-007
 4.36   1.270E-002   3.911E-001   3.159E-001   7.537E-002   4.274E-002   1.618E-001   3.057E-004   2.330E-007
 4.35   1.343E-002   3.938E-001   3.175E-001   7.507E-002   4.301E-002   1.569E-001   2.890E-004   2.138E-007
 4.34   1.419E-002   3.965E-001   3.191E-001   7.471E-002   4.325E-002   1.520E-001   2.728E-004   1.955E-007
 4.33   1.498E-002   3.991E-001   3.209E-001   7.428E-002   4.345E-002   1.470E-001   2.568E-004   1.783E-007
 4.32   1.581E-002   4.017E-001   3.229E-001   7.378E-002   4.359E-002   1.419E-001   2.413E-004   1.619E-007
 4.31   1.667E-002   4.044E-001   3.250E-001   7.321E-002   4.368E-002   1.369E-001   2.260E-004   1.465E-007
 4.30   1.758E-002   4.070E-001   3.272E-001   7.257E-002   4.370E-002   1.318E-001   2.111E-004   1.319E-007
 4.29   1.853E-002   4.097E-001   3.295E-001   7.184E-002   4.365E-002   1.266E-001   1.965E-004   1.182E-007
 4.28   1.953E-002   4.124E-001   3.320E-001   7.102E-002   4.352E-002   1.214E-001   1.822E-004   1.053E-007
 4.27   2.059E-002   4.152E-001   3.345E-001   7.012E-002   4.330E-002   1.161E-001   1.683E-004   9.324E-008
 4.26   2.171E-002   4.180E-001   3.372E-001   6.911E-002   4.297E-002   1.108E-001   1.548E-004   8.202E-008
 4.25   2.289E-002   4.210E-001   3.400E-001   6.800E-002   4.253E-002   1.054E-001   1.417E-004   7.161E-008
 4.24   2.416E-002   4.241E-001   3.428E-001   6.678E-002   4.196E-002   1.000E-001   1.289E-004   6.201E-008
 4.23   2.550E-002   4.274E-001   3.458E-001   6.543E-002   4.126E-002   9.454E-002   1.167E-004   5.322E-008
 4.22   2.694E-002   4.308E-001   3.487E-001   6.395E-002   4.041E-002   8.904E-002   1.049E-004   4.523E-008
 4.21   2.849E-002   4.345E-001   3.517E-001   6.232E-002   3.942E-002   8.352E-002   9.359E-005   3.802E-008
 4.20   3.015E-002   4.383E-001   3.546E-001   6.054E-002   3.827E-002   7.799E-002   8.287E-005   3.159E-008
 4.19   3.194E-002   4.424E-001   3.575E-001   5.860E-002   3.695E-002   7.246E-002   7.275E-005   2.590E-008
 4.18   3.388E-002   4.468E-001   3.603E-001   5.648E-002   3.547E-002   6.696E-002   6.326E-005   2.093E-008
 4.17   3.599E-002   4.515E-001   3.630E-001   5.418E-002   3.384E-002   6.151E-002   5.444E-005   1.666E-008
 4.16   3.828E-002   4.565E-001   3.653E-001   5.169E-002   3.205E-002   5.613E-002   4.633E-005   1.303E-008
 4.15   4.078E-002   4.619E-001   3.673E-001   4.901E-002   3.011E-002   5.086E-002   3.893E-005   1.000E-008
 4.14   4.350E-002   4.676E-001   3.689E-001   4.614E-002   2.805E-002   4.573E-002   3.227E-005   7.522E-009
 4.13   4.649E-002   4.738E-001   3.700E-001   4.310E-002   2.589E-002   4.076E-002   2.636E-005   5.531E-009
 4.12   4.977E-002   4.804E-001   3.703E-001   3.990E-002   2.365E-002   3.599E-002   2.118E-005   3.968E-009
 4.11   5.338E-002   4.874E-001   3.698E-001   3.656E-002   2.136E-002   3.146E-002   1.672E-005   2.772E-009
 4.10   5.735E-002   4.948E-001   3.684E-001   3.313E-002   1.906E-002   2.719E-002   1.295E-005   1.881E-009
 4.09   6.172E-002   5.027E-001   3.659E-001   2.965E-002   1.679E-002   2.322E-002   9.816E-006   1.237E-009
 4.08   6.656E-002   5.111E-001   3.621E-001   2.617E-002   1.458E-002   1.956E-002   7.275E-006   7.858E-010
 4.07   7.191E-002   5.198E-001   3.569E-001   2.274E-002   1.246E-002   1.625E-002   5.260E-006   4.811E-010
 4.06   7.782E-002   5.288E-001   3.502E-001   1.943E-002   1.047E-002   1.329E-002   3.699E-006   2.823E-010
 4.05   8.436E-002   5.380E-001   3.420E-001   1.630E-002   8.646E-003   1.068E-002   2.524E-006   1.582E-010
 4.04   9.161E-002   5.474E-001   3.321E-001   1.341E-002   6.999E-003   8.422E-003   1.668E-006   8.447E-011
 4.03   9.962E-002   5.569E-001   3.207E-001   1.079E-002   5.549E-003   6.512E-003   1.065E-006   4.276E-011
 4.02   1.085E-001   5.662E-001   3.076E-001   8.475E-003   4.302E-003   4.926E-003   6.543E-007   2.043E-011
 4.01   1.183E-001   5.751E-001   2.932E-001   6.494E-003   3.255E-003   3.640E-003   3.862E-007   9.188E-012
 4.00   1.291E-001   5.836E-001   2.774E-001   4.841E-003   2.400E-003   2.621E-003   2.181E-007   3.861E-012
 3.99   1.411E-001   5.913E-001   2.606E-001   3.505E-003   1.721E-003   1.837E-003   1.174E-007   1.508E-012
 3.98   1.542E-001   5.980E-001   2.429E-001   2.459E-003   1.197E-003   1.249E-003   5.998E-008   5.434E-013
 3.97   1.686E-001   6.035E-001   2.245E-001   1.668E-003   8.064E-004   8.222E-004   2.898E-008   1.797E-013
 3.96   1.844E-001   6.076E-001   2.059E-001   1.092E-003   5.248E-004   5.229E-004   1.318E-008   5.412E-014
 3.95   2.016E-001   6.099E-001   1.872E-001   6.881E-004   3.290E-004   3.203E-004   5.618E-009   1.473E-014
 3.94   2.203E-001   6.102E-001   1.686E-001   4.161E-004   1.983E-004   1.885E-004   2.232E-009   3.593E-015
 3.93   2.406E-001   6.084E-001   1.506E-001   2.409E-004   1.145E-004   1.062E-004   8.220E-010   7.770E-016
 3.92   2.624E-001   6.042E-001   1.331E-001   1.331E-004   6.309E-005   5.710E-005   2.788E-010   1.472E-016
 3.91   2.858E-001   5.975E-001   1.165E-001   6.992E-005   3.310E-005   2.920E-005   8.645E-011   2.405E-017
 3.90   3.108E-001   5.882E-001   1.009E-001   3.481E-005   1.646E-005   1.414E-005   2.432E-011   3.336E-018
 3.89   3.374E-001   5.762E-001   8.643E-002   1.635E-005   7.727E-006   6.457E-006   6.160E-012   3.859E-019
 3.88   3.654E-001   5.614E-001   7.314E-002   7.218E-006   3.410E-006   2.769E-006   1.392E-012   3.647E-020
 3.87   3.948E-001   5.440E-001   6.112E-002   2.980E-006   1.408E-006   1.110E-006   2.776E-013   2.740E-021
 3.86   4.255E-001   5.241E-001   5.040E-002   1.145E-006   5.407E-007   4.134E-007   4.835E-014   1.577E-022
 3.85   4.574E-001   5.017E-001   4.095E-002   4.068E-007   1.922E-007   1.423E-007   7.258E-015   6.645E-024
 3.84   4.901E-001   4.771E-001   3.277E-002   1.329E-007   6.282E-008   4.499E-008   9.284E-016   1.961E-025
 3.83   5.236E-001   4.506E-001   2.579E-002   3.966E-008   1.875E-008   1.297E-008   9.923E-017   3.586E-027
 3.82   5.576E-001   4.224E-001   1.994E-002   1.071E-008   5.066E-009   3.378E-009   8.669E-018   3.142E-029
 3.81   5.919E-001   3.930E-001   1.512E-002   2.598E-009   1.229E-009   7.890E-010   6.037E-019   3.538E-032
 3.80   6.261E-001   3.627E-001   1.124E-002   5.679E-010   2.687E-010   1.659E-010   3.516E-020   2.066E-036
 3.79   6.600E-001   3.318E-001   8.167E-003   1.095E-010   5.185E-011   3.071E-011   1.539E-021  -1.102E-038
 3.78   6.933E-001   3.009E-001   5.797E-003   1.843E-011   8.731E-012   4.949E-012   4.813E-023   1.017E-040
 3.77   7.256E-001   2.704E-001   4.013E-003   2.671E-012   1.265E-012   6.849E-013   9.595E-025  -1.291E-042
 3.76   7.567E-001   2.406E-001   2.704E-003   3.104E-013   1.470E-013   7.543E-014   7.530E-029   3.296E-044
 3.75   7.862E-001   2.120E-001   1.772E-003   2.980E-014   1.408E-014   6.852E-015  -5.307E-031  -8.443E-046
 3.74   8.139E-001   1.850E-001   1.130E-003   2.333E-015   1.101E-015   5.069E-016   6.542E-033   2.105E-047
 3.73   8.394E-001   1.599E-001   7.014E-004   1.621E-016   7.638E-017   3.337E-017  -5.787E-035  -3.699E-049
 3.72   8.625E-001   1.371E-001   4.247E-004   9.169E-018   4.317E-018   1.773E-018   7.781E-037   6.843E-051
 3.71   8.832E-001   1.166E-001   2.512E-004   3.454E-019   1.602E-019   6.042E-020  -2.123E-038  -1.912E-052
 3.70   9.013E-001   9.857E-002   1.461E-004   9.512E-021   4.474E-021   1.580E-021   6.405E-040   5.472E-054
 3.69   9.169E-001   8.306E-002   8.411E-005  -6.523E-022   1.061E-022   3.473E-023  -2.001E-041  -1.561E-055
 3.68   9.300E-001   6.994E-002   4.833E-005  -5.964E-022   1.720E-024   5.087E-025   7.967E-043   5.628E-057
 3.67   9.410E-001   5.902E-002   2.798E-005  -2.659E-022   3.090E-026   8.844E-027  -3.095E-044  -2.031E-058
 3.66   9.499E-001   5.004E-002   1.646E-005  -7.303E-023   7.612E-028   1.949E-028   1.228E-045   8.008E-060
 3.65   9.573E-001   4.273E-002   9.903E-006   3.216E-024   1.969E-029   4.696E-030  -5.916E-047  -4.112E-061
 3.64   9.632E-001   3.679E-002   6.119E-006   1.673E-023   7.368E-031   1.621E-031   2.793E-048   2.246E-062
 3.63   9.680E-001   3.197E-002   3.893E-006   1.251E-023   4.139E-032   8.467E-033  -1.060E-049  -1.136E-063
 3.62   9.720E-001   2.803E-002   2.550E-006   6.404E-024   3.468E-033   6.625E-034   1.911E-051   4.167E-065
 3.61   9.752E-001   2.479E-002   1.717E-006   2.120E-024   3.556E-034   6.258E-035  -2.915E-053  -1.778E-066
 3.60   9.779E-001   2.210E-002   1.185E-006   1.775E-026   4.313E-035   6.936E-036   3.580E-055   8.678E-068
 3.59   9.801E-001   1.985E-002   8.373E-007  -5.450E-025   6.220E-036   9.129E-037  -3.074E-058  -3.899E-069
 3.58   9.821E-001   1.795E-002   6.041E-007  -4.973E-025   1.055E-036   1.412E-037  -4.824E-060   1.361E-070
 3.57   9.837E-001   1.633E-002   4.442E-007  -2.995E-025   2.068E-037   2.525E-038  -1.687E-061  -2.934E-072
 3.56   9.851E-001   1.493E-002   3.322E-007  -1.215E-025   4.579E-038   5.087E-039  -8.869E-063   3.082E-074
 3.55   9.863E-001   1.373E-002   2.523E-007  -1.282E-026   1.110E-038   1.115E-039  -5.474E-064  -3.319E-076
 3.54   9.873E-001   1.268E-002   1.942E-007   2.735E-026   2.933E-039   2.653E-040  -4.053E-065   1.972E-078
 3.53   9.882E-001   1.175E-002   1.514E-007   3.110E-026   8.384E-040   6.810E-041  -3.581E-066   4.407E-081
 3.52   9.891E-001   1.094E-002   1.194E-007   2.156E-026   2.577E-040   1.875E-041  -3.718E-067   5.538E-083
 3.51   9.898E-001   1.022E-002   9.515E-008   1.024E-026   8.466E-041   5.503E-042  -4.456E-068   1.342E-084
 3.50   9.904E-001   9.575E-003   7.656E-008   2.084E-027   2.945E-041   1.705E-042  -5.877E-069   3.898E-086
 3.49   9.910E-001   8.999E-003   6.214E-008  -1.661E-027   1.080E-041   5.554E-043  -8.498E-070   1.392E-087
 3.48   9.915E-001   8.481E-003   5.084E-008  -2.494E-027   4.164E-042   1.896E-043  -1.345E-070   6.233E-089
 3.47   9.920E-001   8.013E-003   4.192E-008  -1.976E-027   1.681E-042   6.767E-044  -2.323E-071   3.468E-090
 3.46   9.924E-001   7.589E-003   3.480E-008  -1.079E-027   7.079E-043   2.516E-044  -4.355E-072   2.351E-091
 3.45   9.928E-001   7.203E-003   2.907E-008  -3.241E-028   3.103E-043   9.726E-045  -8.813E-073   1.902E-092
 3.44   9.931E-001   6.851E-003   2.443E-008   8.650E-029   1.411E-043   3.897E-045  -1.916E-073   1.800E-093
 3.43   9.935E-001   6.529E-003   2.065E-008   2.221E-028   6.641E-044   1.615E-045  -4.451E-074   1.959E-094
 3.42   9.938E-001   6.233E-003   1.755E-008   2.047E-028   3.227E-044   6.912E-046  -1.100E-074   2.416E-095
 3.41   9.940E-001   5.961E-003   1.498E-008   1.276E-028   1.616E-044   3.046E-046  -2.879E-075   3.331E-096
 3.40   9.943E-001   5.710E-003   1.285E-008   4.982E-029   8.318E-045   1.381E-046  -7.949E-076   5.079E-097
 3.39   9.945E-001   5.478E-003   1.107E-008   7.531E-031   4.394E-045   6.423E-047  -2.303E-076   8.417E-098
 3.38   9.947E-001   5.263E-003   9.571E-009  -2.003E-029   2.378E-045   3.061E-047  -6.954E-077   1.484E-098
 3.37   9.949E-001   5.063E-003   8.310E-009  -2.237E-029   1.317E-045   1.493E-047  -2.185E-077   2.780E-099
 3.36   9.951E-001   4.877E-003   7.241E-009  -1.581E-029   7.447E-046   7.442E-048  -7.124E-078   5.517E-100
 3.35   9.953E-001   4.703E-003   6.331E-009  -7.423E-030   4.296E-046   3.786E-048  -2.407E-078   1.157E-100
 3.34   9.955E-001   4.541E-003   5.554E-009  -1.348E-030   2.525E-046   1.964E-048  -8.407E-079   2.555E-101
 3.33   9.956E-001   4.389E-003   4.887E-009   1.711E-030   1.510E-046   1.037E-048  -3.031E-079   5.932E-102
 3.32   9.958E-001   4.247E-003   4.312E-009   2.495E-030   9.180E-047   5.576E-049  -1.126E-079   1.444E-102
 3.31   9.959E-001   4.114E-003   3.824E-009   2.012E-030   5.791E-047   3.138E-049  -4.521E-080   3.884E-103
 3.30   9.960E-001   3.988E-003   3.399E-009   1.119E-030   3.703E-047   1.791E-049  -1.861E-080   1.090E-103
 3.29   9.961E-001   3.870E-003   3.029E-009   3.668E-031   2.398E-047   1.037E-049  -7.840E-081   3.179E-104
 3.28   9.962E-001   3.758E-003   2.705E-009  -7.737E-032   1.571E-047   6.076E-050  -3.378E-081   9.619E-105
 3.27   9.963E-001   3.652E-003   2.421E-009  -2.453E-031   1.041E-047   3.605E-050  -1.487E-081   3.012E-105
 3.26   9.964E-001   3.552E-003   2.171E-009  -2.330E-031   6.976E-048   2.165E-050  -6.676E-082   9.743E-106
 3.25   9.965E-001   3.457E-003   1.951E-009  -1.422E-031   4.721E-048   1.314E-050  -3.055E-082   3.249E-106
 3.24   9.966E-001   3.367E-003   1.757E-009  -5.208E-032   3.226E-048   8.064E-051  -1.424E-082   1.115E-106
 3.23   9.967E-001   3.281E-003   1.585E-009   6.479E-033   2.224E-048   4.999E-051  -6.750E-083   3.933E-107
 3.22   9.968E-001   3.199E-003   1.432E-009   3.139E-032   1.547E-048   3.129E-051  -3.253E-083   1.424E-107
 3.21   9.969E-001   3.120E-003   1.296E-009   3.203E-032   1.086E-048   1.977E-051  -1.593E-083   5.279E-108
 3.20   9.970E-001   3.046E-003   1.175E-009   2.088E-032   7.676E-049   1.260E-051  -7.916E-084   2.004E-108
 3.19   9.970E-001   2.974E-003   1.066E-009   8.695E-033   5.469E-049   8.102E-052  -3.991E-084   7.775E-109
 3.18   9.971E-001   2.906E-003   9.694E-010   2.281E-034   3.925E-049   5.252E-052  -2.039E-084   3.080E-109
 3.17   9.972E-001   2.840E-003   8.825E-010  -3.751E-033   2.837E-049   3.431E-052  -1.056E-084   1.245E-109
 3.16   9.972E-001   2.777E-003   8.045E-010  -4.251E-033   2.064E-049   2.259E-052  -5.535E-085   5.127E-110
 3.15   9.973E-001   2.717E-003   7.343E-010  -2.910E-033   1.512E-049   1.498E-052  -2.937E-085   2.150E-110
 3.14   9.973E-001   2.659E-003   6.710E-010  -1.264E-033   1.114E-049   1.000E-052  -1.576E-085   9.174E-111
 3.13   9.974E-001   2.603E-003   6.139E-010  -5.229E-035   8.255E-050   6.724E-053  -8.551E-086   3.979E-111
 3.12   9.975E-001   2.548E-003   5.623E-010   5.519E-034   6.153E-050   4.549E-053  -4.689E-086   1.753E-111
 3.11   9.975E-001   2.496E-003   5.156E-010   6.523E-034   4.612E-050   3.097E-053  -2.597E-086   7.839E-112
 3.10   9.976E-001   2.446E-003   4.733E-010   4.681E-034   3.476E-050   2.121E-053  -1.452E-086   3.556E-112
 3.09   9.976E-001   2.397E-003   4.349E-010   2.231E-034   2.632E-050   1.461E-053  -8.199E-087   1.636E-112
 3.08   9.977E-001   2.350E-003   4.000E-010   3.310E-035   2.004E-050   1.012E-053  -4.670E-087   7.622E-113
 3.07   9.977E-001   2.304E-003   3.682E-010  -6.874E-035   1.532E-050   7.049E-054  -2.683E-087   3.597E-113
 3.06   9.977E-001   2.260E-003   3.393E-010  -9.262E-035   1.177E-050   4.935E-054  -1.554E-087   1.718E-113
 3.05   9.978E-001   2.217E-003   3.129E-010  -6.890E-035   9.084E-051   3.472E-054  -9.076E-088   8.301E-114
 3.04   9.978E-001   2.175E-003   2.888E-010  -3.125E-035   7.040E-051   2.455E-054  -5.341E-088   4.056E-114
 3.03   9.979E-001   2.134E-003   2.667E-010   8.928E-037   5.479E-051   1.744E-054  -3.166E-088   2.003E-114
 3.02   9.979E-001   2.095E-003   2.466E-010   1.996E-035   4.281E-051   1.244E-054  -1.891E-088   9.992E-115
 3.01   9.979E-001   2.056E-003   2.281E-010   2.515E-035   3.358E-051   8.918E-055  -1.137E-088   5.034E-115
 3.00   9.980E-001   2.019E-003   2.111E-010   1.925E-035   2.644E-051   6.419E-055  -6.880E-089   2.561E-115
