 9.00   1.110E-016   0.000E+000   0.000E+000  -1.031E-016   0.000E+000   3.053E-015   5.749E-010   2.090E-005   1.000E+000
 8.99   3.800E-046   3.407E-042   1.213E-034   1.125E-027   3.449E-021   3.318E-015   6.106E-010   2.164E-005   1.000E+000
 8.98   5.363E-051   2.458E-042   1.427E-034   1.290E-027   3.858E-021   3.617E-015   6.485E-010   2.241E-005   1.000E+000
 8.97   6.633E-051   2.965E-042   1.678E-034   1.479E-027   4.317E-021   3.943E-015   6.888E-010   2.320E-005   1.000E+000
 8.96   8.206E-051   3.576E-042   1.974E-034   1.697E-027   4.830E-021   4.300E-015   7.316E-010   2.402E-005   1.000E+000
 8.95   1.015E-050   4.314E-042   2.322E-034   1.947E-027   5.403E-021   4.688E-015   7.770E-010   2.486E-005   1.000E+000
 8.94   1.256E-050   5.203E-042   2.731E-034   2.233E-027   6.045E-021   5.111E-015   8.253E-010   2.574E-005   1.000E+000
 8.93   1.553E-050   6.274E-042   3.213E-034   2.562E-027   6.763E-021   5.573E-015   8.766E-010   2.665E-005   1.000E+000
 8.92   1.920E-050   7.566E-042   3.778E-034   2.938E-027   7.567E-021   6.076E-015   9.311E-010   2.758E-005   1.000E+000
 8.91   2.375E-050   9.124E-042   4.444E-034   3.370E-027   8.465E-021   6.625E-015   9.890E-010   2.855E-005   1.000E+000
 8.90   2.936E-050   1.100E-041   5.226E-034   3.865E-027   9.469E-021   7.223E-015   1.050E-009   2.955E-005   1.000E+000
 8.89   3.631E-050   1.327E-041   6.146E-034   4.433E-027   1.059E-020   7.874E-015   1.116E-009   3.058E-005   1.000E+000
 8.88   4.489E-050   1.599E-041   7.227E-034   5.083E-027   1.185E-020   8.584E-015   1.185E-009   3.165E-005   1.000E+000
 8.87   5.551E-050   1.928E-041   8.499E-034   5.829E-027   1.325E-020   9.356E-015   1.258E-009   3.275E-005   1.000E+000
 8.86   6.863E-050   2.325E-041   9.994E-034   6.685E-027   1.482E-020   1.020E-014   1.336E-009   3.389E-005   1.000E+000
 8.85   8.484E-050   2.803E-041   1.175E-033   7.665E-027   1.658E-020   1.112E-014   1.418E-009   3.507E-005   1.000E+000
 8.84   1.049E-049   3.379E-041   1.382E-033   8.789E-027   1.854E-020   1.211E-014   1.506E-009   3.629E-005   1.000E+000
 8.83   1.297E-049   4.074E-041   1.624E-033   1.008E-026   2.073E-020   1.320E-014   1.599E-009   3.755E-005   1.000E+000
 8.82   1.603E-049   4.911E-041   1.910E-033   1.155E-026   2.318E-020   1.439E-014   1.698E-009   3.885E-005   1.000E+000
 8.81   1.982E-049   5.921E-041   2.246E-033   1.325E-026   2.592E-020   1.568E-014   1.802E-009   4.019E-005   1.000E+000
 8.80   2.451E-049   7.140E-041   2.641E-033   1.519E-026   2.899E-020   1.709E-014   1.913E-009   4.158E-005   1.000E+000
 8.79   3.031E-049   8.610E-041   3.105E-033   1.742E-026   3.242E-020   1.862E-014   2.032E-009   4.301E-005   1.000E+000
 8.78   3.748E-049   1.038E-040   3.652E-033   1.998E-026   3.625E-020   2.030E-014   2.157E-009   4.448E-005   1.000E+000
 8.77   4.635E-049   1.252E-040   4.295E-033   2.292E-026   4.054E-020   2.212E-014   2.290E-009   4.601E-005   1.000E+000
 8.76   5.732E-049   1.510E-040   5.051E-033   2.628E-026   4.534E-020   2.411E-014   2.432E-009   4.758E-005   1.000E+000
 8.75   7.088E-049   1.821E-040   5.939E-033   3.013E-026   5.069E-020   2.627E-014   2.581E-009   4.920E-005   1.000E+000
 8.74   8.762E-049   2.195E-040   6.982E-033   3.454E-026   5.668E-020   2.863E-014   2.740E-009   5.088E-005   9.999E-001
 8.73   1.083E-048   2.645E-040   8.207E-033   3.959E-026   6.336E-020   3.119E-014   2.908E-009   5.261E-005   9.999E-001
 8.72   1.339E-048   3.188E-040   9.646E-033   4.538E-026   7.083E-020   3.398E-014   3.087E-009   5.439E-005   9.999E-001
 8.71   1.654E-048   3.843E-040   1.134E-032   5.201E-026   7.917E-020   3.702E-014   3.276E-009   5.623E-005   9.999E-001
 8.70   2.044E-048   4.631E-040   1.333E-032   5.962E-026   8.850E-020   4.034E-014   3.477E-009   5.813E-005   9.999E-001
 8.69   2.527E-048   5.582E-040   1.567E-032   6.834E-026   9.893E-020   4.395E-014   3.690E-009   6.009E-005   9.999E-001
 8.68   3.123E-048   6.729E-040   1.842E-032   7.835E-026   1.106E-019   4.788E-014   3.916E-009   6.211E-005   9.999E-001
 8.67   3.860E-048   8.111E-040   2.165E-032   8.982E-026   1.236E-019   5.216E-014   4.156E-009   6.419E-005   9.999E-001
 8.66   4.771E-048   9.778E-040   2.546E-032   1.030E-025   1.382E-019   5.682E-014   4.410E-009   6.633E-005   9.999E-001
 8.65   5.898E-048   1.179E-039   2.993E-032   1.180E-025   1.545E-019   6.189E-014   4.679E-009   6.854E-005   9.999E-001
 8.64   7.292E-048   1.421E-039   3.519E-032   1.353E-025   1.727E-019   6.741E-014   4.964E-009   7.082E-005   9.999E-001
 8.63   9.014E-048   1.713E-039   4.137E-032   1.551E-025   1.930E-019   7.341E-014   5.266E-009   7.316E-005   9.999E-001
 8.62   1.114E-047   2.065E-039   4.863E-032   1.778E-025   2.157E-019   7.994E-014   5.586E-009   7.558E-005   9.999E-001
 8.61   1.378E-047   2.490E-039   5.716E-032   2.038E-025   2.411E-019   8.706E-014   5.925E-009   7.807E-005   9.999E-001
 8.60   1.703E-047   3.002E-039   6.719E-032   2.336E-025   2.694E-019   9.480E-014   6.285E-009   8.063E-005   9.999E-001
 8.59   2.105E-047   3.619E-039   7.899E-032   2.677E-025   3.011E-019   1.032E-013   6.666E-009   8.327E-005   9.999E-001
 8.58   2.603E-047   4.362E-039   9.286E-032   3.068E-025   3.364E-019   1.124E-013   7.071E-009   8.600E-005   9.999E-001
 8.57   3.217E-047   5.259E-039   1.092E-031   3.517E-025   3.760E-019   1.224E-013   7.501E-009   8.880E-005   9.999E-001
 8.56   3.976E-047   6.339E-039   1.283E-031   4.031E-025   4.201E-019   1.333E-013   7.956E-009   9.168E-005   9.999E-001
 8.55   4.915E-047   7.642E-039   1.509E-031   4.620E-025   4.695E-019   1.452E-013   8.437E-009   9.465E-005   9.999E-001
 8.54   6.076E-047   9.212E-039   1.773E-031   5.295E-025   5.246E-019   1.581E-013   8.948E-009   9.770E-005   9.999E-001
 8.53   7.512E-047   1.110E-038   2.084E-031   6.068E-025   5.861E-019   1.721E-013   9.487E-009   1.008E-004   9.999E-001
 8.52   9.286E-047   1.339E-038   2.450E-031   6.954E-025   6.548E-019   1.873E-013   1.006E-008   1.041E-004   9.999E-001
 8.51   1.148E-046   1.614E-038   2.880E-031   7.969E-025   7.316E-019   2.039E-013   1.066E-008   1.074E-004   9.999E-001
 8.50   1.419E-046   1.945E-038   3.385E-031   9.131E-025   8.172E-019   2.219E-013   1.130E-008   1.108E-004   9.999E-001
 8.49   1.754E-046   2.344E-038   3.978E-031   1.046E-024   9.129E-019   2.416E-013   1.198E-008   1.143E-004   9.999E-001
 8.48   2.168E-046   2.826E-038   4.676E-031   1.199E-024   1.020E-018   2.629E-013   1.270E-008   1.180E-004   9.999E-001
 8.47   2.679E-046   3.406E-038   5.495E-031   1.373E-024   1.139E-018   2.861E-013   1.346E-008   1.217E-004   9.999E-001
 8.46   3.311E-046   4.105E-038   6.457E-031   1.573E-024   1.272E-018   3.114E-013   1.427E-008   1.255E-004   9.999E-001
 8.45   4.091E-046   4.947E-038   7.587E-031   1.802E-024   1.420E-018   3.388E-013   1.512E-008   1.294E-004   9.999E-001
 8.44   5.056E-046   5.962E-038   8.915E-031   2.064E-024   1.586E-018   3.686E-013   1.602E-008   1.334E-004   9.999E-001
 8.43   6.249E-046   7.185E-038   1.048E-030   2.365E-024   1.771E-018   4.011E-013   1.698E-008   1.376E-004   9.999E-001
 8.42   7.722E-046   8.660E-038   1.231E-030   2.709E-024   1.978E-018   4.364E-013   1.799E-008   1.419E-004   9.999E-001
 8.41   9.544E-046   1.044E-037   1.446E-030   3.103E-024   2.208E-018   4.747E-013   1.906E-008   1.462E-004   9.999E-001
 8.40   1.180E-045   1.258E-037   1.700E-030   3.554E-024   2.466E-018   5.165E-013   2.019E-008   1.507E-004   9.998E-001
 8.39   1.458E-045   1.516E-037   1.997E-030   4.071E-024   2.753E-018   5.619E-013   2.139E-008   1.554E-004   9.998E-001
 8.38   1.802E-045   1.828E-037   2.347E-030   4.664E-024   3.075E-018   6.112E-013   2.266E-008   1.601E-004   9.998E-001
 8.37   2.228E-045   2.203E-037   2.759E-030   5.343E-024   3.433E-018   6.650E-013   2.400E-008   1.650E-004   9.998E-001
 8.36   2.755E-045   2.657E-037   3.242E-030   6.121E-024   3.834E-018   7.234E-013   2.542E-008   1.700E-004   9.998E-001
 8.35   3.407E-045   3.203E-037   3.811E-030   7.013E-024   4.281E-018   7.869E-013   2.693E-008   1.752E-004   9.998E-001
 8.34   4.213E-045   3.863E-037   4.480E-030   8.035E-024   4.781E-018   8.561E-013   2.852E-008   1.805E-004   9.998E-001
 8.33   5.210E-045   4.659E-037   5.266E-030   9.207E-024   5.339E-018   9.313E-013   3.021E-008   1.859E-004   9.998E-001
 8.32   6.444E-045   5.619E-037   6.191E-030   1.055E-023   5.962E-018   1.013E-012   3.200E-008   1.915E-004   9.998E-001
 8.31   7.970E-045   6.778E-037   7.280E-030   1.209E-023   6.658E-018   1.102E-012   3.390E-008   1.973E-004   9.998E-001
 8.30   9.859E-045   8.175E-037   8.560E-030   1.385E-023   7.436E-018   1.199E-012   3.590E-008   2.032E-004   9.998E-001
 8.29   1.220E-044   9.862E-037   1.007E-029   1.588E-023   8.305E-018   1.304E-012   3.803E-008   2.093E-004   9.998E-001
 8.28   1.509E-044   1.190E-036   1.184E-029   1.820E-023   9.276E-018   1.419E-012   4.028E-008   2.155E-004   9.998E-001
 8.27   1.867E-044   1.435E-036   1.392E-029   2.086E-023   1.036E-017   1.544E-012   4.266E-008   2.219E-004   9.998E-001
 8.26   2.309E-044   1.731E-036   1.637E-029   2.390E-023   1.157E-017   1.679E-012   4.519E-008   2.285E-004   9.998E-001
 8.25   2.857E-044   2.089E-036   1.925E-029   2.740E-023   1.292E-017   1.827E-012   4.786E-008   2.353E-004   9.998E-001
 8.24   3.535E-044   2.520E-036   2.264E-029   3.140E-023   1.443E-017   1.988E-012   5.069E-008   2.422E-004   9.998E-001
 8.23   4.374E-044   3.041E-036   2.663E-029   3.598E-023   1.612E-017   2.163E-012   5.369E-008   2.494E-004   9.998E-001
 8.22   5.413E-044   3.669E-036   3.131E-029   4.124E-023   1.800E-017   2.353E-012   5.686E-008   2.568E-004   9.997E-001
 8.21   6.698E-044   4.428E-036   3.682E-029   4.726E-023   2.011E-017   2.560E-012   6.022E-008   2.643E-004   9.997E-001
 8.20   8.290E-044   5.343E-036   4.331E-029   5.417E-023   2.246E-017   2.785E-012   6.378E-008   2.721E-004   9.997E-001
 8.19   1.026E-043   6.449E-036   5.095E-029   6.209E-023   2.509E-017   3.030E-012   6.755E-008   2.801E-004   9.997E-001
 8.18   1.270E-043   7.786E-036   5.994E-029   7.118E-023   2.803E-017   3.297E-012   7.155E-008   2.883E-004   9.997E-001
 8.17   1.573E-043   9.400E-036   7.053E-029   8.161E-023   3.131E-017   3.588E-012   7.578E-008   2.968E-004   9.997E-001
 8.16   1.948E-043   1.135E-035   8.301E-029   9.359E-023   3.498E-017   3.904E-012   8.027E-008   3.054E-004   9.997E-001
 8.15   2.413E-043   1.371E-035   9.771E-029   1.073E-022   3.909E-017   4.248E-012   8.502E-008   3.144E-004   9.997E-001
 8.14   2.990E-043   1.656E-035   1.150E-028   1.231E-022   4.369E-017   4.624E-012   9.007E-008   3.236E-004   9.997E-001
 8.13   3.706E-043   2.002E-035   1.354E-028   1.413E-022   4.883E-017   5.033E-012   9.541E-008   3.330E-004   9.997E-001
 8.12   4.593E-043   2.419E-035   1.595E-028   1.621E-022   5.459E-017   5.478E-012   1.011E-007   3.427E-004   9.997E-001
 8.11   5.695E-043   2.924E-035   1.879E-028   1.860E-022   6.102E-017   5.963E-012   1.071E-007   3.527E-004   9.996E-001
 8.10   7.062E-043   3.535E-035   2.213E-028   2.135E-022   6.823E-017   6.492E-012   1.135E-007   3.630E-004   9.996E-001
 8.09   8.759E-043   4.275E-035   2.608E-028   2.450E-022   7.629E-017   7.069E-012   1.202E-007   3.735E-004   9.996E-001
 8.08   1.087E-042   5.170E-035   3.073E-028   2.812E-022   8.531E-017   7.697E-012   1.274E-007   3.844E-004   9.996E-001
 8.07   1.348E-042   6.253E-035   3.621E-028   3.229E-022   9.541E-017   8.382E-012   1.350E-007   3.956E-004   9.996E-001
 8.06   1.672E-042   7.565E-035   4.268E-028   3.707E-022   1.067E-016   9.128E-012   1.431E-007   4.070E-004   9.996E-001
 8.05   2.075E-042   9.151E-035   5.030E-028   4.256E-022   1.193E-016   9.941E-012   1.517E-007   4.188E-004   9.996E-001
 8.04   2.575E-042   1.107E-034   5.929E-028   4.886E-022   1.335E-016   1.083E-011   1.608E-007   4.310E-004   9.996E-001
 8.03   3.196E-042   1.340E-034   6.988E-028   5.611E-022   1.493E-016   1.179E-011   1.704E-007   4.435E-004   9.996E-001
 8.02   3.966E-042   1.621E-034   8.239E-028   6.443E-022   1.670E-016   1.284E-011   1.806E-007   4.564E-004   9.995E-001
 8.01   4.924E-042   1.962E-034   9.715E-028   7.400E-022   1.868E-016   1.399E-011   1.914E-007   4.697E-004   9.995E-001
 8.00   6.115E-042   2.375E-034   1.146E-027   8.501E-022   2.090E-016   1.524E-011   2.029E-007   4.833E-004   9.995E-001
 7.99   7.595E-042   2.876E-034   1.352E-027   9.767E-022   2.339E-016   1.661E-011   2.151E-007   4.973E-004   9.995E-001
 7.98   9.437E-042   3.484E-034   1.595E-027   1.122E-021   2.618E-016   1.810E-011   2.281E-007   5.117E-004   9.995E-001
 7.97   1.173E-041   4.221E-034   1.882E-027   1.290E-021   2.931E-016   1.973E-011   2.419E-007   5.266E-004   9.995E-001
 7.96   1.458E-041   5.116E-034   2.221E-027   1.483E-021   3.282E-016   2.150E-011   2.566E-007   5.419E-004   9.995E-001
 7.95   1.813E-041   6.200E-034   2.622E-027   1.705E-021   3.675E-016   2.344E-011   2.721E-007   5.576E-004   9.994E-001
 7.94   2.254E-041   7.516E-034   3.096E-027   1.961E-021   4.115E-016   2.555E-011   2.886E-007   5.738E-004   9.994E-001
 7.93   2.803E-041   9.112E-034   3.656E-027   2.255E-021   4.609E-016   2.786E-011   3.062E-007   5.905E-004   9.994E-001
 7.92   3.487E-041   1.105E-033   4.318E-027   2.593E-021   5.162E-016   3.037E-011   3.248E-007   6.077E-004   9.994E-001
 7.91   4.338E-041   1.340E-033   5.101E-027   2.983E-021   5.783E-016   3.312E-011   3.446E-007   6.253E-004   9.994E-001
 7.90   5.399E-041   1.625E-033   6.026E-027   3.432E-021   6.479E-016   3.612E-011   3.656E-007   6.435E-004   9.994E-001
 7.89   6.719E-041   1.972E-033   7.121E-027   3.949E-021   7.260E-016   3.940E-011   3.879E-007   6.623E-004   9.993E-001
 7.88   8.365E-041   2.393E-033   8.416E-027   4.545E-021   8.135E-016   4.298E-011   4.117E-007   6.816E-004   9.993E-001
 7.87   1.042E-040   2.905E-033   9.948E-027   5.231E-021   9.118E-016   4.689E-011   4.370E-007   7.015E-004   9.993E-001
 7.86   1.298E-040   3.527E-033   1.176E-026   6.023E-021   1.022E-015   5.117E-011   4.638E-007   7.219E-004   9.993E-001
 7.85   1.617E-040   4.283E-033   1.391E-026   6.935E-021   1.146E-015   5.584E-011   4.924E-007   7.430E-004   9.993E-001
 7.84   2.015E-040   5.204E-033   1.646E-026   7.988E-021   1.285E-015   6.095E-011   5.229E-007   7.648E-004   9.992E-001
 7.83   2.513E-040   6.324E-033   1.947E-026   9.202E-021   1.441E-015   6.654E-011   5.553E-007   7.872E-004   9.992E-001
 7.82   3.134E-040   7.688E-033   2.305E-026   1.060E-020   1.617E-015   7.265E-011   5.898E-007   8.104E-004   9.992E-001
 7.81   3.910E-040   9.348E-033   2.729E-026   1.222E-020   1.814E-015   7.934E-011   6.265E-007   8.342E-004   9.992E-001
 7.80   4.880E-040   1.137E-032   3.231E-026   1.409E-020   2.036E-015   8.665E-011   6.656E-007   8.588E-004   9.991E-001
 7.79   6.092E-040   1.383E-032   3.827E-026   1.624E-020   2.285E-015   9.466E-011   7.073E-007   8.842E-004   9.991E-001
 7.78   7.606E-040   1.683E-032   4.534E-026   1.873E-020   2.566E-015   1.034E-010   7.517E-007   9.103E-004   9.991E-001
 7.77   9.500E-040   2.049E-032   5.372E-026   2.160E-020   2.881E-015   1.130E-010   7.990E-007   9.373E-004   9.991E-001
 7.76   1.187E-039   2.494E-032   6.367E-026   2.493E-020   3.235E-015   1.235E-010   8.494E-007   9.652E-004   9.990E-001
 7.75   1.483E-039   3.037E-032   7.548E-026   2.876E-020   3.634E-015   1.350E-010   9.031E-007   9.939E-004   9.990E-001
 7.74   1.854E-039   3.700E-032   8.951E-026   3.320E-020   4.083E-015   1.476E-010   9.603E-007   1.024E-003   9.990E-001
 7.73   2.318E-039   4.509E-032   1.062E-025   3.833E-020   4.589E-015   1.614E-010   1.021E-006   1.054E-003   9.989E-001
 7.72   2.899E-039   5.495E-032   1.260E-025   4.426E-020   5.157E-015   1.765E-010   1.086E-006   1.086E-003   9.989E-001
 7.71   3.628E-039   6.700E-032   1.495E-025   5.112E-020   5.798E-015   1.931E-010   1.156E-006   1.118E-003   9.989E-001
 7.70   4.540E-039   8.172E-032   1.775E-025   5.906E-020   6.519E-015   2.113E-010   1.230E-006   1.152E-003   9.988E-001
 7.69   5.685E-039   9.970E-032   2.108E-025   6.825E-020   7.331E-015   2.312E-010   1.309E-006   1.187E-003   9.988E-001
 7.68   7.120E-039   1.217E-031   2.504E-025   7.889E-020   8.247E-015   2.530E-010   1.394E-006   1.223E-003   9.988E-001
 7.67   8.922E-039   1.485E-031   2.975E-025   9.122E-020   9.278E-015   2.770E-010   1.484E-006   1.260E-003   9.987E-001
 7.66   1.118E-038   1.814E-031   3.536E-025   1.055E-019   1.044E-014   3.033E-010   1.581E-006   1.299E-003   9.987E-001
 7.65   1.403E-038   2.217E-031   4.204E-025   1.221E-019   1.176E-014   3.322E-010   1.684E-006   1.338E-003   9.987E-001
 7.64   1.760E-038   2.710E-031   5.001E-025   1.413E-019   1.324E-014   3.640E-010   1.794E-006   1.379E-003   9.986E-001
 7.63   2.209E-038   3.314E-031   5.951E-025   1.636E-019   1.491E-014   3.989E-010   1.912E-006   1.422E-003   9.986E-001
 7.62   2.774E-038   4.055E-031   7.085E-025   1.894E-019   1.680E-014   4.373E-010   2.039E-006   1.466E-003   9.985E-001
 7.61   3.485E-038   4.962E-031   8.436E-025   2.194E-019   1.894E-014   4.795E-010   2.174E-006   1.511E-003   9.985E-001
 7.60   4.379E-038   6.075E-031   1.005E-024   2.542E-019   2.135E-014   5.258E-010   2.318E-006   1.559E-003   9.984E-001
 7.59   5.504E-038   7.438E-031   1.197E-024   2.947E-019   2.407E-014   5.767E-010   2.473E-006   1.607E-003   9.984E-001
 7.58   6.921E-038   9.111E-031   1.427E-024   3.416E-019   2.715E-014   6.327E-010   2.639E-006   1.658E-003   9.983E-001
 7.57   8.705E-038   1.116E-030   1.701E-024   3.961E-019   3.062E-014   6.942E-010   2.817E-006   1.710E-003   9.983E-001
 7.56   1.095E-037   1.368E-030   2.028E-024   4.594E-019   3.455E-014   7.620E-010   3.007E-006   1.765E-003   9.982E-001
 7.55   1.379E-037   1.677E-030   2.419E-024   5.330E-019   3.899E-014   8.365E-010   3.212E-006   1.821E-003   9.982E-001
 7.54   1.736E-037   2.058E-030   2.886E-024   6.186E-019   4.402E-014   9.186E-010   3.431E-006   1.879E-003   9.981E-001
 7.53   2.188E-037   2.525E-030   3.445E-024   7.183E-019   4.971E-014   1.009E-009   3.666E-006   1.940E-003   9.981E-001
 7.52   2.758E-037   3.100E-030   4.114E-024   8.343E-019   5.615E-014   1.109E-009   3.919E-006   2.002E-003   9.980E-001
 7.51   3.478E-037   3.808E-030   4.916E-024   9.695E-019   6.345E-014   1.219E-009   4.190E-006   2.067E-003   9.979E-001
 7.50   4.390E-037   4.681E-030   5.877E-024   1.127E-018   7.173E-014   1.340E-009   4.481E-006   2.135E-003   9.979E-001
 7.49   5.544E-037   5.757E-030   7.029E-024   1.311E-018   8.112E-014   1.475E-009   4.795E-006   2.205E-003   9.978E-001
 7.48   7.005E-037   7.085E-030   8.413E-024   1.525E-018   9.177E-014   1.623E-009   5.132E-006   2.278E-003   9.977E-001
 7.47   8.856E-037   8.723E-030   1.007E-023   1.775E-018   1.039E-013   1.786E-009   5.494E-006   2.353E-003   9.976E-001
 7.46   1.120E-036   1.074E-029   1.207E-023   2.067E-018   1.176E-013   1.967E-009   5.884E-006   2.432E-003   9.976E-001
 7.45   1.418E-036   1.324E-029   1.446E-023   2.407E-018   1.332E-013   2.167E-009   6.304E-006   2.514E-003   9.975E-001
 7.44   1.795E-036   1.632E-029   1.733E-023   2.805E-018   1.509E-013   2.387E-009   6.756E-006   2.599E-003   9.974E-001
 7.43   2.273E-036   2.013E-029   2.078E-023   3.270E-018   1.710E-013   2.631E-009   7.243E-006   2.687E-003   9.973E-001
 7.42   2.880E-036   2.484E-029   2.493E-023   3.813E-018   1.939E-013   2.901E-009   7.768E-006   2.779E-003   9.972E-001
 7.41   3.652E-036   3.066E-029   2.992E-023   4.448E-018   2.198E-013   3.199E-009   8.334E-006   2.875E-003   9.971E-001
 7.40   4.632E-036   3.787E-029   3.592E-023   5.191E-018   2.494E-013   3.530E-009   8.945E-006   2.974E-003   9.970E-001
 7.39   5.879E-036   4.679E-029   4.315E-023   6.060E-018   2.830E-013   3.895E-009   9.604E-006   3.078E-003   9.969E-001
 7.38   7.465E-036   5.784E-029   5.185E-023   7.077E-018   3.212E-013   4.300E-009   1.032E-005   3.186E-003   9.968E-001
 7.37   9.484E-036   7.154E-029   6.233E-023   8.268E-018   3.648E-013   4.749E-009   1.108E-005   3.299E-003   9.967E-001
 7.36   1.206E-035   8.854E-029   7.498E-023   9.665E-018   4.144E-013   5.246E-009   1.191E-005   3.416E-003   9.966E-001
 7.35   1.534E-035   1.096E-028   9.023E-023   1.130E-017   4.709E-013   5.798E-009   1.281E-005   3.538E-003   9.964E-001
 7.34   1.952E-035   1.358E-028   1.086E-022   1.322E-017   5.354E-013   6.410E-009   1.378E-005   3.666E-003   9.963E-001
 7.33   2.486E-035   1.684E-028   1.309E-022   1.548E-017   6.090E-013   7.090E-009   1.483E-005   3.799E-003   9.962E-001
 7.32   3.168E-035   2.089E-028   1.578E-022   1.812E-017   6.929E-013   7.845E-009   1.597E-005   3.938E-003   9.960E-001
 7.31   4.040E-035   2.592E-028   1.902E-022   2.123E-017   7.888E-013   8.684E-009   1.720E-005   4.083E-003   9.959E-001
 7.30   5.154E-035   3.219E-028   2.295E-022   2.489E-017   8.982E-013   9.616E-009   1.854E-005   4.234E-003   9.957E-001
 7.29   6.580E-035   3.999E-028   2.771E-022   2.918E-017   1.023E-012   1.065E-008   1.999E-005   4.393E-003   9.956E-001
 7.28   8.404E-035   4.971E-028   3.346E-022   3.424E-017   1.166E-012   1.180E-008   2.156E-005   4.559E-003   9.954E-001
 7.27   1.074E-034   6.183E-028   4.044E-022   4.018E-017   1.330E-012   1.309E-008   2.327E-005   4.732E-003   9.952E-001
 7.26   1.374E-034   7.696E-028   4.889E-022   4.719E-017   1.517E-012   1.452E-008   2.513E-005   4.913E-003   9.951E-001
 7.25   1.758E-034   9.585E-028   5.915E-022   5.544E-017   1.731E-012   1.611E-008   2.714E-005   5.103E-003   9.949E-001
 7.24   2.252E-034   1.195E-027   7.160E-022   6.517E-017   1.977E-012   1.788E-008   2.934E-005   5.302E-003   9.947E-001
 7.23   2.887E-034   1.490E-027   8.673E-022   7.665E-017   2.258E-012   1.987E-008   3.172E-005   5.511E-003   9.945E-001
 7.22   3.703E-034   1.860E-027   1.051E-021   9.022E-017   2.581E-012   2.208E-008   3.432E-005   5.730E-003   9.942E-001
 7.21   4.753E-034   2.323E-027   1.275E-021   1.062E-016   2.952E-012   2.455E-008   3.716E-005   5.959E-003   9.940E-001
 7.20   6.106E-034   2.903E-027   1.548E-021   1.252E-016   3.378E-012   2.731E-008   4.025E-005   6.200E-003   9.938E-001
 7.19   7.850E-034   3.631E-027   1.880E-021   1.476E-016   3.867E-012   3.040E-008   4.363E-005   6.452E-003   9.935E-001
 7.18   1.010E-033   4.544E-027   2.284E-021   1.741E-016   4.430E-012   3.386E-008   4.732E-005   6.717E-003   9.932E-001
 7.17   1.300E-033   5.691E-027   2.777E-021   2.055E-016   5.077E-012   3.773E-008   5.135E-005   6.996E-003   9.930E-001
 7.16   1.675E-033   7.132E-027   3.379E-021   2.427E-016   5.820E-012   4.206E-008   5.576E-005   7.289E-003   9.927E-001
 7.15   2.159E-033   8.941E-027   4.113E-021   2.867E-016   6.676E-012   4.690E-008   6.056E-005   7.596E-003   9.923E-001
 7.14   2.784E-033   1.122E-026   5.008E-021   3.388E-016   7.659E-012   5.231E-008   6.581E-005   7.919E-003   9.920E-001
 7.13   3.592E-033   1.408E-026   6.101E-021   4.006E-016   8.790E-012   5.837E-008   7.155E-005   8.259E-003   9.917E-001
 7.12   4.639E-033   1.768E-026   7.437E-021   4.738E-016   1.009E-011   6.516E-008   7.782E-005   8.616E-003   9.913E-001
 7.11   5.995E-033   2.222E-026   9.071E-021   5.608E-016   1.160E-011   7.277E-008   8.470E-005   8.993E-003   9.909E-001
 7.10   7.754E-033   2.795E-026   1.107E-020   6.641E-016   1.333E-011   8.132E-008   9.225E-005   9.390E-003   9.905E-001
 7.09   1.004E-032   3.519E-026   1.353E-020   7.870E-016   1.533E-011   9.092E-008   1.005E-004   9.809E-003   9.901E-001
 7.08   1.301E-032   4.434E-026   1.654E-020   9.334E-016   1.764E-011   1.017E-007   1.097E-004   1.025E-002   9.896E-001
 7.07   1.687E-032   5.591E-026   2.023E-020   1.108E-015   2.032E-011   1.139E-007   1.197E-004   1.072E-002   9.892E-001
 7.06   2.190E-032   7.057E-026   2.477E-020   1.315E-015   2.341E-011   1.276E-007   1.308E-004   1.121E-002   9.887E-001
 7.05   2.846E-032   8.915E-026   3.036E-020   1.563E-015   2.699E-011   1.430E-007   1.429E-004   1.174E-002   9.881E-001
 7.04   3.700E-032   1.127E-025   3.723E-020   1.859E-015   3.114E-011   1.604E-007   1.563E-004   1.229E-002   9.876E-001
 7.03   4.816E-032   1.426E-025   4.568E-020   2.212E-015   3.595E-011   1.800E-007   1.711E-004   1.287E-002   9.870E-001
 7.02   6.273E-032   1.805E-025   5.610E-020   2.634E-015   4.152E-011   2.021E-007   1.874E-004   1.349E-002   9.863E-001
 7.01   8.177E-032   2.288E-025   6.895E-020   3.138E-015   4.799E-011   2.271E-007   2.055E-004   1.415E-002   9.856E-001
 7.00   1.067E-031   2.901E-025   8.480E-020   3.742E-015   5.550E-011   2.553E-007   2.254E-004   1.484E-002   9.849E-001
 6.99   1.394E-031   3.683E-025   1.044E-019   4.465E-015   6.423E-011   2.872E-007   2.475E-004   1.558E-002   9.842E-001
 6.98   1.822E-031   4.679E-025   1.286E-019   5.331E-015   7.437E-011   3.232E-007   2.719E-004   1.637E-002   9.834E-001
 6.97   2.384E-031   5.950E-025   1.585E-019   6.370E-015   8.617E-011   3.640E-007   2.990E-004   1.720E-002   9.825E-001
 6.96   3.122E-031   7.573E-025   1.955E-019   7.617E-015   9.991E-011   4.102E-007   3.291E-004   1.808E-002   9.816E-001
 6.95   4.093E-031   9.647E-025   2.414E-019   9.115E-015   1.159E-010   4.625E-007   3.625E-004   1.902E-002   9.806E-001
 6.94   5.371E-031   1.230E-024   2.984E-019   1.092E-014   1.346E-010   5.218E-007   3.996E-004   2.002E-002   9.796E-001
 6.93   7.056E-031   1.570E-024   3.691E-019   1.308E-014   1.563E-010   5.892E-007   4.408E-004   2.109E-002   9.785E-001
 6.92   9.278E-031   2.006E-024   4.569E-019   1.569E-014   1.818E-010   6.656E-007   4.867E-004   2.222E-002   9.773E-001
 6.91   1.221E-030   2.565E-024   5.662E-019   1.884E-014   2.115E-010   7.525E-007   5.378E-004   2.343E-002   9.760E-001
 6.90   1.609E-030   3.283E-024   7.022E-019   2.263E-014   2.462E-010   8.513E-007   5.947E-004   2.471E-002   9.747E-001
 6.89   2.123E-030   4.207E-024   8.718E-019   2.721E-014   2.868E-010   9.636E-007   6.583E-004   2.608E-002   9.733E-001
 6.88   2.804E-030   5.396E-024   1.083E-018   3.275E-014   3.343E-010   1.091E-006   7.292E-004   2.755E-002   9.717E-001
 6.87   3.707E-030   6.928E-024   1.347E-018   3.944E-014   3.900E-010   1.237E-006   8.086E-004   2.911E-002   9.701E-001
 6.86   4.906E-030   8.904E-024   1.677E-018   4.753E-014   4.552E-010   1.403E-006   8.974E-004   3.078E-002   9.683E-001
 6.85   6.500E-030   1.146E-023   2.090E-018   5.735E-014   5.319E-010   1.593E-006   9.970E-004   3.257E-002   9.664E-001
 6.84   8.624E-030   1.476E-023   2.606E-018   6.925E-014   6.219E-010   1.809E-006   1.109E-003   3.449E-002   9.644E-001
 6.83   1.145E-029   1.903E-023   3.254E-018   8.369E-014   7.278E-010   2.057E-006   1.234E-003   3.654E-002   9.622E-001
 6.82   1.523E-029   2.457E-023   4.066E-018   1.012E-013   8.523E-010   2.340E-006   1.375E-003   3.874E-002   9.599E-001
 6.81   2.027E-029   3.175E-023   5.087E-018   1.226E-013   9.989E-010   2.663E-006   1.533E-003   4.110E-002   9.574E-001
 6.80   2.701E-029   4.107E-023   6.369E-018   1.485E-013   1.172E-009   3.034E-006   1.712E-003   4.363E-002   9.547E-001
 6.79   3.604E-029   5.318E-023   7.981E-018   1.801E-013   1.375E-009   3.458E-006   1.912E-003   4.634E-002   9.517E-001
 6.78   4.812E-029   6.893E-023   1.001E-017   2.186E-013   1.615E-009   3.943E-006   2.138E-003   4.925E-002   9.486E-001
 6.77   6.434E-029   8.944E-023   1.257E-017   2.656E-013   1.897E-009   4.500E-006   2.393E-003   5.237E-002   9.452E-001
 6.76   8.614E-029   1.162E-022   1.580E-017   3.230E-013   2.232E-009   5.139E-006   2.682E-003   5.573E-002   9.416E-001
 6.75   1.155E-028   1.512E-022   1.989E-017   3.932E-013   2.627E-009   5.873E-006   3.008E-003   5.935E-002   9.376E-001
 6.74   1.550E-028   1.969E-022   2.506E-017   4.792E-013   3.096E-009   6.718E-006   3.378E-003   6.324E-002   9.334E-001
 6.73   2.084E-028   2.569E-022   3.161E-017   5.846E-013   3.652E-009   7.691E-006   3.797E-003   6.745E-002   9.287E-001
 6.72   2.806E-028   3.355E-022   3.993E-017   7.140E-013   4.312E-009   8.812E-006   4.273E-003   7.198E-002   9.237E-001
 6.71   3.783E-028   4.388E-022   5.049E-017   8.729E-013   5.095E-009   1.010E-005   4.815E-003   7.686E-002   9.183E-001
 6.70   5.107E-028   5.745E-022   6.392E-017   1.068E-012   6.025E-009   1.159E-005   5.430E-003   8.212E-002   9.124E-001
 6.69   6.902E-028   7.531E-022   8.100E-017   1.308E-012   7.130E-009   1.331E-005   6.130E-003   8.779E-002   9.061E-001
 6.68   9.338E-028   9.882E-022   1.028E-016   1.604E-012   8.444E-009   1.529E-005   6.926E-003   9.389E-002   8.992E-001
 6.67   1.265E-027   1.298E-021   1.305E-016   1.968E-012   1.001E-008   1.757E-005   7.833E-003   1.004E-001   8.917E-001
 6.66   1.716E-027   1.707E-021   1.658E-016   2.417E-012   1.187E-008   2.021E-005   8.866E-003   1.075E-001   8.836E-001
 6.65   2.329E-027   2.248E-021   2.110E-016   2.971E-012   1.408E-008   2.325E-005   1.004E-002   1.151E-001   8.748E-001
 6.64   3.166E-027   2.962E-021   2.686E-016   3.654E-012   1.672E-008   2.675E-005   1.139E-002   1.232E-001   8.654E-001
 6.63   4.308E-027   3.907E-021   3.423E-016   4.497E-012   1.986E-008   3.080E-005   1.292E-002   1.320E-001   8.551E-001
 6.62   5.867E-027   5.158E-021   4.364E-016   5.539E-012   2.360E-008   3.546E-005   1.467E-002   1.413E-001   8.440E-001
 6.61   7.996E-027   6.814E-021   5.569E-016   6.824E-012   2.805E-008   4.084E-005   1.665E-002   1.513E-001   8.320E-001
 6.60   1.091E-026   9.007E-021   7.109E-016   8.411E-012   3.335E-008   4.702E-005   1.892E-002   1.619E-001   8.191E-001
 6.59   1.488E-026   1.191E-020   9.078E-016   1.037E-011   3.964E-008   5.413E-005   2.150E-002   1.732E-001   8.052E-001
 6.58   2.032E-026   1.576E-020   1.160E-015   1.278E-011   4.713E-008   6.230E-005   2.443E-002   1.853E-001   7.902E-001
 6.57   2.774E-026   2.085E-020   1.481E-015   1.576E-011   5.600E-008   7.165E-005   2.776E-002   1.980E-001   7.742E-001
 6.56   3.790E-026   2.759E-020   1.893E-015   1.943E-011   6.654E-008   8.238E-005   3.154E-002   2.114E-001   7.570E-001
 6.55   5.178E-026   3.652E-020   2.418E-015   2.395E-011   7.903E-008   9.465E-005   3.583E-002   2.255E-001   7.386E-001
 6.54   7.074E-026   4.833E-020   3.089E-015   2.951E-011   9.381E-008   1.086E-004   4.068E-002   2.404E-001   7.189E-001
 6.53   9.661E-026   6.393E-020   3.943E-015   3.634E-011   1.113E-007   1.246E-004   4.616E-002   2.558E-001   6.979E-001
 6.52   1.319E-025   8.454E-020   5.031E-015   4.472E-011   1.319E-007   1.427E-004   5.234E-002   2.719E-001   6.756E-001
 6.51   1.800E-025   1.117E-019   6.415E-015   5.498E-011   1.561E-007   1.632E-004   5.928E-002   2.886E-001   6.520E-001
 6.50   2.454E-025   1.475E-019   8.170E-015   6.752E-011   1.845E-007   1.863E-004   6.707E-002   3.056E-001   6.271E-001
 6.49   3.343E-025   1.945E-019   1.039E-014   8.281E-011   2.177E-007   2.123E-004   7.577E-002   3.230E-001   6.010E-001
 6.48   4.549E-025   2.563E-019   1.321E-014   1.014E-010   2.566E-007   2.414E-004   8.547E-002   3.406E-001   5.737E-001
 6.47   6.182E-025   3.371E-019   1.675E-014   1.240E-010   3.017E-007   2.739E-004   9.622E-002   3.581E-001   5.454E-001
 6.46   8.388E-025   4.428E-019   2.122E-014   1.513E-010   3.540E-007   3.100E-004   1.081E-001   3.754E-001   5.162E-001
 6.45   1.136E-024   5.804E-019   2.682E-014   1.842E-010   4.145E-007   3.499E-004   1.212E-001   3.923E-001   4.861E-001
 6.44   1.536E-024   7.594E-019   3.383E-014   2.238E-010   4.841E-007   3.939E-004   1.356E-001   4.085E-001   4.555E-001
 6.43   2.073E-024   9.915E-019   4.258E-014   2.713E-010   5.640E-007   4.421E-004   1.512E-001   4.238E-001   4.245E-001
 6.42   2.790E-024   1.291E-018   5.345E-014   3.280E-010   6.550E-007   4.945E-004   1.682E-001   4.378E-001   3.935E-001
 6.41   3.747E-024   1.678E-018   6.692E-014   3.955E-010   7.584E-007   5.511E-004   1.865E-001   4.504E-001   3.625E-001
 6.40   5.018E-024   2.174E-018   8.355E-014   4.753E-010   8.753E-007   6.119E-004   2.061E-001   4.611E-001   3.321E-001
 6.39   6.703E-024   2.808E-018   1.040E-013   5.693E-010   1.007E-006   6.767E-004   2.270E-001   4.699E-001   3.024E-001
 6.38   8.927E-024   3.616E-018   1.290E-013   6.797E-010   1.153E-006   7.452E-004   2.490E-001   4.764E-001   2.738E-001
 6.37   1.185E-023   4.643E-018   1.595E-013   8.087E-010   1.317E-006   8.173E-004   2.721E-001   4.806E-001   2.465E-001
 6.36   1.569E-023   5.942E-018   1.966E-013   9.587E-010   1.497E-006   8.926E-004   2.962E-001   4.823E-001   2.206E-001
 6.35   2.070E-023   7.579E-018   2.415E-013   1.133E-009   1.696E-006   9.706E-004   3.212E-001   4.815E-001   1.963E-001
 6.34   2.722E-023   9.635E-018   2.957E-013   1.333E-009   1.915E-006   1.051E-003   3.470E-001   4.782E-001   1.737E-001
 6.33   3.569E-023   1.221E-017   3.608E-013   1.564E-009   2.153E-006   1.133E-003   3.734E-001   4.725E-001   1.530E-001
 6.32   4.666E-023   1.543E-017   4.388E-013   1.829E-009   2.413E-006   1.217E-003   4.002E-001   4.645E-001   1.341E-001
 6.31   6.083E-023   1.944E-017   5.322E-013   2.132E-009   2.695E-006   1.303E-003   4.274E-001   4.544E-001   1.169E-001
 6.30   7.913E-023   2.444E-017   6.438E-013   2.479E-009   3.000E-006   1.388E-003   4.547E-001   4.423E-001   1.016E-001
 6.29   1.027E-022   3.064E-017   7.769E-013   2.874E-009   3.330E-006   1.474E-003   4.821E-001   4.286E-001   8.781E-002
 6.28   1.330E-022   3.835E-017   9.352E-013   3.323E-009   3.685E-006   1.561E-003   5.094E-001   4.134E-001   7.563E-002
 6.27   1.720E-022   4.789E-017   1.123E-012   3.833E-009   4.067E-006   1.646E-003   5.364E-001   3.970E-001   6.489E-002
 6.26   2.220E-022   5.969E-017   1.347E-012   4.412E-009   4.478E-006   1.731E-003   5.631E-001   3.797E-001   5.550E-002
 6.25   2.860E-022   7.426E-017   1.611E-012   5.068E-009   4.919E-006   1.815E-003   5.892E-001   3.617E-001   4.732E-002
 6.24   3.680E-022   9.226E-017   1.925E-012   5.811E-009   5.392E-006   1.898E-003   6.147E-001   3.432E-001   4.024E-002
 6.23   4.729E-022   1.145E-016   2.296E-012   6.653E-009   5.898E-006   1.979E-003   6.394E-001   3.244E-001   3.414E-002
 6.22   6.071E-022   1.418E-016   2.735E-012   7.605E-009   6.442E-006   2.059E-003   6.634E-001   3.057E-001   2.890E-002
 6.21   7.789E-022   1.756E-016   3.255E-012   8.684E-009   7.025E-006   2.138E-003   6.864E-001   2.871E-001   2.442E-002
 6.20   9.989E-022   2.174E-016   3.871E-012   9.907E-009   7.651E-006   2.216E-003   7.084E-001   2.688E-001   2.059E-002
 6.19   1.281E-021   2.690E-016   4.601E-012   1.130E-008   8.325E-006   2.293E-003   7.295E-001   2.509E-001   1.734E-002
 6.18   1.643E-021   3.328E-016   5.469E-012   1.287E-008   9.052E-006   2.369E-003   7.495E-001   2.335E-001   1.458E-002
 6.17   2.108E-021   4.119E-016   6.501E-012   1.467E-008   9.838E-006   2.446E-003   7.685E-001   2.168E-001   1.223E-002
 6.16   2.706E-021   5.100E-016   7.729E-012   1.672E-008   1.069E-005   2.523E-003   7.865E-001   2.007E-001   1.025E-002
 6.15   3.476E-021   6.320E-016   9.194E-012   1.906E-008   1.162E-005   2.600E-003   8.034E-001   1.854E-001   8.573E-003
 6.14   4.471E-021   7.837E-016   1.095E-011   2.174E-008   1.263E-005   2.679E-003   8.193E-001   1.709E-001   7.158E-003
 6.13   5.757E-021   9.730E-016   1.304E-011   2.482E-008   1.373E-005   2.760E-003   8.341E-001   1.571E-001   5.966E-003
 6.12   7.425E-021   1.210E-015   1.556E-011   2.836E-008   1.494E-005   2.843E-003   8.480E-001   1.442E-001   4.963E-003
 6.11   9.594E-021   1.507E-015   1.860E-011   3.245E-008   1.628E-005   2.930E-003   8.609E-001   1.320E-001   4.121E-003
 6.10   1.242E-020   1.880E-015   2.227E-011   3.719E-008   1.775E-005   3.022E-003   8.729E-001   1.207E-001   3.417E-003
 6.09   1.612E-020   2.352E-015   2.671E-011   4.270E-008   1.939E-005   3.118E-003   8.839E-001   1.101E-001   2.827E-003
 6.08   2.098E-020   2.948E-015   3.211E-011   4.913E-008   2.122E-005   3.221E-003   8.941E-001   1.003E-001   2.336E-003
 6.07   2.738E-020   3.706E-015   3.870E-011   5.665E-008   2.326E-005   3.331E-003   9.035E-001   9.117E-002   1.928E-003
 6.06   3.583E-020   4.671E-015   4.676E-011   6.548E-008   2.554E-005   3.449E-003   9.122E-001   8.275E-002   1.589E-003
 6.05   4.704E-020   5.906E-015   5.666E-011   7.587E-008   2.812E-005   3.576E-003   9.201E-001   7.500E-002   1.308E-003
 6.04   6.195E-020   7.490E-015   6.886E-011   8.815E-008   3.102E-005   3.715E-003   9.273E-001   6.788E-002   1.076E-003
 6.03   8.187E-020   9.529E-015   8.395E-011   1.027E-007   3.431E-005   3.865E-003   9.339E-001   6.135E-002   8.848E-004
 6.02   1.086E-019   1.217E-014   1.027E-010   1.200E-007   3.804E-005   4.028E-003   9.398E-001   5.538E-002   7.272E-004
 6.01   1.445E-019   1.558E-014   1.260E-010   1.407E-007   4.229E-005   4.206E-003   9.452E-001   4.993E-002   5.975E-004
 6.00   1.931E-019   2.004E-014   1.551E-010   1.654E-007   4.714E-005   4.401E-003   9.501E-001   4.498E-002   4.910E-004
 5.99   2.590E-019   2.586E-014   1.917E-010   1.952E-007   5.270E-005   4.614E-003   9.545E-001   4.047E-002   4.034E-004
 5.98   3.487E-019   3.350E-014   2.377E-010   2.310E-007   5.908E-005   4.847E-003   9.584E-001   3.638E-002   3.316E-004
 5.97   4.714E-019   4.355E-014   2.957E-010   2.742E-007   6.642E-005   5.102E-003   9.619E-001   3.267E-002   2.726E-004
 5.96   6.397E-019   5.684E-014   3.692E-010   3.266E-007   7.488E-005   5.382E-003   9.650E-001   2.931E-002   2.242E-004
 5.95   8.715E-019   7.445E-014   4.626E-010   3.903E-007   8.465E-005   5.688E-003   9.678E-001   2.628E-002   1.845E-004
 5.94   1.192E-018   9.788E-014   5.817E-010   4.679E-007   9.596E-005   6.024E-003   9.702E-001   2.354E-002   1.519E-004
 5.93   1.636E-018   1.292E-013   7.338E-010   5.626E-007   1.091E-004   6.391E-003   9.723E-001   2.108E-002   1.251E-004
 5.92   2.255E-018   1.711E-013   9.291E-010   6.787E-007   1.243E-004   6.794E-003   9.741E-001   1.885E-002   1.031E-004
 5.91   3.119E-018   2.274E-013   1.180E-009   8.214E-007   1.421E-004   7.237E-003   9.757E-001   1.686E-002   8.498E-005
 5.90   4.331E-018   3.034E-013   1.505E-009   9.974E-007   1.629E-004   7.722E-003   9.770E-001   1.507E-002   7.013E-005
 5.89   6.039E-018   4.064E-013   1.926E-009   1.215E-006   1.872E-004   8.256E-003   9.780E-001   1.346E-002   5.792E-005
 5.88   8.452E-018   5.464E-013   2.474E-009   1.485E-006   2.158E-004   8.842E-003   9.789E-001   1.202E-002   4.788E-005
 5.87   1.188E-017   7.373E-013   3.188E-009   1.821E-006   2.493E-004   9.486E-003   9.795E-001   1.074E-002   3.963E-005
 5.86   1.675E-017   9.987E-013   4.123E-009   2.239E-006   2.889E-004   1.019E-002   9.799E-001   9.595E-003   3.284E-005
 5.85   2.373E-017   1.358E-012   5.351E-009   2.763E-006   3.355E-004   1.097E-002   9.801E-001   8.576E-003   2.726E-005
 5.84   3.373E-017   1.853E-012   6.969E-009   3.420E-006   3.907E-004   1.183E-002   9.801E-001   7.670E-003   2.267E-005
 5.83   4.813E-017   2.538E-012   9.105E-009   4.245E-006   4.560E-004   1.277E-002   9.799E-001   6.866E-003   1.890E-005
 5.82   6.893E-017   3.488E-012   1.194E-008   5.284E-006   5.335E-004   1.380E-002   9.795E-001   6.152E-003   1.578E-005
 5.81   9.905E-017   4.809E-012   1.569E-008   6.595E-006   6.254E-004   1.493E-002   9.789E-001   5.519E-003   1.322E-005
 5.80   1.428E-016   6.651E-012   2.069E-008   8.252E-006   7.347E-004   1.617E-002   9.781E-001   4.959E-003   1.110E-005
 5.79   2.065E-016   9.225E-012   2.735E-008   1.035E-005   8.647E-004   1.752E-002   9.771E-001   4.462E-003   9.350E-006
 5.78   2.994E-016   1.283E-011   3.626E-008   1.301E-005   1.019E-003   1.901E-002   9.759E-001   4.021E-003   7.898E-006
 5.77   4.355E-016   1.790E-011   4.819E-008   1.639E-005   1.204E-003   2.064E-002   9.745E-001   3.630E-003   6.691E-006
 5.76   6.354E-016   2.504E-011   6.422E-008   2.070E-005   1.424E-003   2.243E-002   9.728E-001   3.283E-003   5.685E-006
 5.75   9.302E-016   3.515E-011   8.583E-008   2.621E-005   1.688E-003   2.438E-002   9.709E-001   2.973E-003   4.845E-006
 5.74   1.366E-015   4.949E-011   1.150E-007   3.325E-005   2.004E-003   2.653E-002   9.687E-001   2.697E-003   4.139E-006
 5.73   2.013E-015   6.989E-011   1.546E-007   4.228E-005   2.382E-003   2.887E-002   9.662E-001   2.450E-003   3.545E-006
 5.72   2.976E-015   9.902E-011   2.083E-007   5.390E-005   2.836E-003   3.144E-002   9.634E-001   2.229E-003   3.044E-006
 5.71   4.412E-015   1.407E-010   2.814E-007   6.884E-005   3.381E-003   3.425E-002   9.603E-001   2.030E-003   2.618E-006
 5.70   6.558E-015   2.003E-010   3.811E-007   8.810E-005   4.035E-003   3.732E-002   9.567E-001   1.850E-003   2.257E-006
 5.69   9.771E-015   2.859E-010   5.170E-007   1.129E-004   4.819E-003   4.066E-002   9.527E-001   1.688E-003   1.948E-006
 5.68   1.459E-014   4.089E-010   7.027E-007   1.449E-004   5.760E-003   4.430E-002   9.483E-001   1.542E-003   1.684E-006
 5.67   2.184E-014   5.862E-010   9.569E-007   1.862E-004   6.888E-003   4.824E-002   9.433E-001   1.409E-003   1.458E-006
 5.66   3.276E-014   8.419E-010   1.305E-006   2.396E-004   8.242E-003   5.249E-002   9.377E-001   1.289E-003   1.263E-006
 5.65   4.923E-014   1.211E-009   1.783E-006   3.086E-004   9.862E-003   5.708E-002   9.316E-001   1.179E-003   1.096E-006
 5.64   7.411E-014   1.746E-009   2.438E-006   3.977E-004   1.180E-002   6.199E-002   9.247E-001   1.080E-003   9.516E-007
 5.63   1.117E-013   2.519E-009   3.338E-006   5.127E-004   1.411E-002   6.721E-002   9.172E-001   9.893E-004   8.273E-007
 5.62   1.686E-013   3.639E-009   4.572E-006   6.610E-004   1.686E-002   7.273E-002   9.088E-001   9.070E-004   7.201E-007
 5.61   2.545E-013   5.257E-009   6.261E-006   8.517E-004   2.011E-002   7.850E-002   8.997E-001   8.322E-004   6.277E-007
 5.60   3.842E-013   7.592E-009   8.569E-006   1.096E-003   2.394E-002   8.448E-002   8.897E-001   7.643E-004   5.481E-007
 5.59   5.794E-013   1.095E-008   1.171E-005   1.408E-003   2.842E-002   9.058E-002   8.789E-001   7.028E-004   4.795E-007
 5.58   8.725E-013   1.578E-008   1.598E-005   1.803E-003   3.363E-002   9.672E-002   8.672E-001   6.471E-004   4.204E-007
 5.57   1.311E-012   2.268E-008   2.174E-005   2.303E-003   3.963E-002   1.028E-001   8.547E-001   5.968E-004   3.696E-007
 5.56   1.965E-012   3.250E-008   2.949E-005   2.930E-003   4.648E-002   1.086E-001   8.414E-001   5.514E-004   3.259E-007
 5.55   2.935E-012   4.642E-008   3.985E-005   3.710E-003   5.421E-002   1.141E-001   8.274E-001   5.105E-004   2.883E-007
 5.54   4.367E-012   6.603E-008   5.360E-005   4.674E-003   6.286E-002   1.192E-001   8.128E-001   4.736E-004   2.560E-007
 5.53   6.468E-012   9.347E-008   7.174E-005   5.855E-003   7.241E-002   1.236E-001   7.976E-001   4.404E-004   2.281E-007
 5.52   9.535E-012   1.317E-007   9.551E-005   7.292E-003   8.284E-002   1.273E-001   7.821E-001   4.106E-004   2.041E-007
 5.51   1.398E-011   1.846E-007   1.264E-004   9.022E-003   9.408E-002   1.301E-001   7.663E-001   3.837E-004   1.834E-007
 5.50   2.040E-011   2.573E-007   1.664E-004   1.109E-002   1.060E-001   1.320E-001   7.503E-001   3.595E-004   1.654E-007
 5.49   2.959E-011   3.565E-007   2.177E-004   1.354E-002   1.186E-001   1.330E-001   7.343E-001   3.377E-004   1.498E-007
 5.48   4.268E-011   4.913E-007   2.830E-004   1.641E-002   1.316E-001   1.330E-001   7.184E-001   3.180E-004   1.362E-007
 5.47   6.122E-011   6.731E-007   3.657E-004   1.977E-002   1.448E-001   1.321E-001   7.027E-001   3.001E-004   1.243E-007
 5.46   8.734E-011   9.173E-007   4.697E-004   2.364E-002   1.581E-001   1.302E-001   6.872E-001   2.839E-004   1.139E-007
 5.45   1.240E-010   1.243E-006   5.998E-004   2.808E-002   1.714E-001   1.276E-001   6.721E-001   2.692E-004   1.047E-007
 5.44   1.750E-010   1.676E-006   7.614E-004   3.314E-002   1.843E-001   1.242E-001   6.573E-001   2.557E-004   9.659E-008
 5.43   2.459E-010   2.248E-006   9.613E-004   3.887E-002   1.967E-001   1.202E-001   6.430E-001   2.434E-004   8.937E-008
 5.42   3.439E-010   3.001E-006   1.207E-003   4.529E-002   2.084E-001   1.157E-001   6.292E-001   2.321E-004   8.293E-008
 5.41   4.786E-010   3.986E-006   1.507E-003   5.245E-002   2.192E-001   1.109E-001   6.157E-001   2.217E-004   7.716E-008
 5.40   6.629E-010   5.268E-006   1.872E-003   6.038E-002   2.290E-001   1.057E-001   6.028E-001   2.121E-004   7.197E-008
 5.39   9.141E-010   6.930E-006   2.313E-003   6.909E-002   2.376E-001   1.004E-001   5.904E-001   2.032E-004   6.729E-008
 5.38   1.255E-009   9.076E-006   2.844E-003   7.861E-002   2.449E-001   9.509E-002   5.784E-001   1.950E-004   6.304E-008
 5.37   1.715E-009   1.183E-005   3.479E-003   8.894E-002   2.508E-001   8.975E-002   5.668E-001   1.873E-004   5.918E-008
 5.36   2.334E-009   1.536E-005   4.236E-003   1.001E-001   2.553E-001   8.451E-002   5.557E-001   1.801E-004   5.566E-008
 5.35   3.165E-009   1.987E-005   5.134E-003   1.120E-001   2.583E-001   7.944E-002   5.449E-001   1.733E-004   5.244E-008
 5.34   4.273E-009   2.558E-005   6.195E-003   1.246E-001   2.598E-001   7.458E-002   5.346E-001   1.670E-004   4.947E-008
 5.33   5.748E-009   3.282E-005   7.441E-003   1.380E-001   2.598E-001   6.996E-002   5.246E-001   1.610E-004   4.674E-008
 5.32   7.703E-009   4.193E-005   8.900E-003   1.520E-001   2.583E-001   6.562E-002   5.150E-001   1.554E-004   4.421E-008
 5.31   1.029E-008   5.339E-005   1.060E-002   1.665E-001   2.554E-001   6.157E-002   5.057E-001   1.501E-004   4.187E-008
 5.30   1.369E-008   6.774E-005   1.257E-002   1.815E-001   2.511E-001   5.782E-002   4.967E-001   1.450E-004   3.970E-008
 5.29   1.815E-008   8.565E-005   1.485E-002   1.969E-001   2.457E-001   5.436E-002   4.880E-001   1.402E-004   3.767E-008
 5.28   2.399E-008   1.079E-004   1.748E-002   2.125E-001   2.391E-001   5.120E-002   4.795E-001   1.357E-004   3.577E-008
 5.27   3.162E-008   1.355E-004   2.048E-002   2.281E-001   2.316E-001   4.831E-002   4.712E-001   1.313E-004   3.400E-008
 5.26   4.153E-008   1.697E-004   2.391E-002   2.437E-001   2.232E-001   4.569E-002   4.632E-001   1.271E-004   3.233E-008
 5.25   5.440E-008   2.118E-004   2.782E-002   2.591E-001   2.140E-001   4.332E-002   4.554E-001   1.231E-004   3.076E-008
 5.24   7.102E-008   2.635E-004   3.223E-002   2.742E-001   2.044E-001   4.119E-002   4.477E-001   1.193E-004   2.928E-008
 5.23   9.244E-008   3.267E-004   3.721E-002   2.886E-001   1.942E-001   3.927E-002   4.402E-001   1.156E-004   2.788E-008
 5.22   1.200E-007   4.040E-004   4.279E-002   3.025E-001   1.838E-001   3.756E-002   4.329E-001   1.120E-004   2.656E-008
 5.21   1.552E-007   4.979E-004   4.903E-002   3.154E-001   1.733E-001   3.602E-002   4.256E-001   1.086E-004   2.530E-008
 5.20   2.001E-007   6.116E-004   5.597E-002   3.274E-001   1.627E-001   3.465E-002   4.186E-001   1.052E-004   2.411E-008
 5.19   2.573E-007   7.489E-004   6.365E-002   3.383E-001   1.522E-001   3.343E-002   4.116E-001   1.020E-004   2.298E-008
 5.18   3.299E-007   9.144E-004   7.211E-002   3.479E-001   1.420E-001   3.234E-002   4.047E-001   9.886E-005   2.189E-008
 5.17   4.216E-007   1.113E-003   8.138E-002   3.562E-001   1.320E-001   3.136E-002   3.979E-001   9.582E-005   2.086E-008
 5.16   5.369E-007   1.349E-003   9.148E-002   3.631E-001   1.224E-001   3.049E-002   3.912E-001   9.285E-005   1.987E-008
 5.15   6.816E-007   1.631E-003   1.024E-001   3.684E-001   1.132E-001   2.970E-002   3.845E-001   8.996E-005   1.892E-008
 5.14   8.623E-007   1.965E-003   1.142E-001   3.723E-001   1.045E-001   2.900E-002   3.779E-001   8.714E-005   1.802E-008
 5.13   1.087E-006   2.359E-003   1.269E-001   3.746E-001   9.635E-002   2.836E-002   3.713E-001   8.439E-005   1.715E-008
 5.12   1.367E-006   2.823E-003   1.404E-001   3.754E-001   8.872E-002   2.777E-002   3.648E-001   8.170E-005   1.631E-008
 5.11   1.712E-006   3.368E-003   1.547E-001   3.747E-001   8.165E-002   2.724E-002   3.583E-001   7.906E-005   1.551E-008
 5.10   2.138E-006   4.004E-003   1.697E-001   3.724E-001   7.514E-002   2.675E-002   3.519E-001   7.648E-005   1.474E-008
 5.09   2.661E-006   4.746E-003   1.855E-001   3.688E-001   6.918E-002   2.630E-002   3.455E-001   7.395E-005   1.399E-008
 5.08   3.304E-006   5.608E-003   2.019E-001   3.637E-001   6.376E-002   2.588E-002   3.390E-001   7.147E-005   1.328E-008
 5.07   4.089E-006   6.606E-003   2.189E-001   3.574E-001   5.885E-002   2.548E-002   3.327E-001   6.904E-005   1.259E-008
 5.06   5.045E-006   7.758E-003   2.364E-001   3.499E-001   5.444E-002   2.511E-002   3.263E-001   6.666E-005   1.193E-008
 5.05   6.206E-006   9.081E-003   2.543E-001   3.413E-001   5.051E-002   2.476E-002   3.199E-001   6.433E-005   1.130E-008
 5.04   7.609E-006   1.060E-002   2.725E-001   3.318E-001   4.702E-002   2.443E-002   3.136E-001   6.204E-005   1.069E-008
 5.03   9.301E-006   1.233E-002   2.907E-001   3.215E-001   4.395E-002   2.412E-002   3.072E-001   5.979E-005   1.010E-008
 5.02   1.133E-005   1.429E-002   3.090E-001   3.106E-001   4.127E-002   2.381E-002   3.009E-001   5.759E-005   9.541E-009
 5.01   1.376E-005   1.651E-002   3.272E-001   2.991E-001   3.895E-002   2.352E-002   2.946E-001   5.544E-005   9.001E-009
 5.00   1.665E-005   1.902E-002   3.450E-001   2.873E-001   3.694E-002   2.324E-002   2.884E-001   5.334E-005   8.485E-009
 4.99   2.009E-005   2.183E-002   3.625E-001   2.753E-001   3.522E-002   2.298E-002   2.821E-001   5.128E-005   7.991E-009
 4.98   2.415E-005   2.497E-002   3.795E-001   2.631E-001   3.376E-002   2.272E-002   2.759E-001   4.927E-005   7.519E-009
 4.97   2.893E-005   2.845E-002   3.958E-001   2.509E-001   3.253E-002   2.247E-002   2.697E-001   4.732E-005   7.068E-009
 4.96   3.454E-005   3.232E-002   4.114E-001   2.389E-001   3.150E-002   2.223E-002   2.636E-001   4.541E-005   6.638E-009
 4.95   4.109E-005   3.657E-002   4.262E-001   2.271E-001   3.064E-002   2.199E-002   2.575E-001   4.355E-005   6.229E-009
 4.94   4.869E-005   4.123E-002   4.400E-001   2.155E-001   2.993E-002   2.177E-002   2.515E-001   4.174E-005   5.841E-009
 4.93   5.750E-005   4.631E-002   4.529E-001   2.043E-001   2.935E-002   2.156E-002   2.455E-001   3.999E-005   5.472E-009
 4.92   6.763E-005   5.181E-002   4.647E-001   1.936E-001   2.888E-002   2.135E-002   2.395E-001   3.829E-005   5.122E-009
 4.91   7.924E-005   5.775E-002   4.755E-001   1.833E-001   2.851E-002   2.115E-002   2.337E-001   3.664E-005   4.791E-009
 4.90   9.250E-005   6.413E-002   4.851E-001   1.736E-001   2.821E-002   2.096E-002   2.279E-001   3.504E-005   4.478E-009
 4.89   1.075E-004   7.093E-002   4.937E-001   1.644E-001   2.797E-002   2.078E-002   2.221E-001   3.350E-005   4.182E-009
 4.88   1.246E-004   7.815E-002   5.011E-001   1.557E-001   2.779E-002   2.060E-002   2.165E-001   3.200E-005   3.903E-009
 4.87   1.438E-004   8.578E-002   5.074E-001   1.476E-001   2.765E-002   2.044E-002   2.109E-001   3.056E-005   3.639E-009
 4.86   1.653E-004   9.378E-002   5.127E-001   1.401E-001   2.755E-002   2.028E-002   2.054E-001   2.917E-005   3.392E-009
 4.85   1.893E-004   1.021E-001   5.169E-001   1.332E-001   2.747E-002   2.014E-002   2.000E-001   2.782E-005   3.158E-009
 4.84   2.160E-004   1.108E-001   5.201E-001   1.268E-001   2.742E-002   2.000E-002   1.946E-001   2.653E-005   2.939E-009
 4.83   2.456E-004   1.198E-001   5.224E-001   1.209E-001   2.739E-002   1.986E-002   1.894E-001   2.528E-005   2.733E-009
 4.82   2.783E-004   1.290E-001   5.238E-001   1.156E-001   2.737E-002   1.974E-002   1.842E-001   2.408E-005   2.539E-009
 4.81   3.142E-004   1.384E-001   5.244E-001   1.108E-001   2.736E-002   1.963E-002   1.791E-001   2.293E-005   2.358E-009
 4.80   3.535E-004   1.480E-001   5.243E-001   1.064E-001   2.736E-002   1.952E-002   1.741E-001   2.181E-005   2.188E-009
 4.79   3.961E-004   1.577E-001   5.235E-001   1.025E-001   2.736E-002   1.942E-002   1.691E-001   2.075E-005   2.029E-009
 4.78   4.426E-004   1.675E-001   5.222E-001   9.893E-002   2.736E-002   1.933E-002   1.643E-001   1.972E-005   1.879E-009
 4.77   4.928E-004   1.773E-001   5.203E-001   9.579E-002   2.735E-002   1.924E-002   1.595E-001   1.873E-005   1.740E-009
 4.76   5.470E-004   1.871E-001   5.180E-001   9.300E-002   2.735E-002   1.917E-002   1.548E-001   1.779E-005   1.609E-009
 4.75   6.054E-004   1.969E-001   5.153E-001   9.055E-002   2.734E-002   1.910E-002   1.502E-001   1.688E-005   1.488E-009
 4.74   6.679E-004   2.065E-001   5.123E-001   8.839E-002   2.732E-002   1.903E-002   1.457E-001   1.601E-005   1.374E-009
 4.73   7.352E-004   2.161E-001   5.091E-001   8.651E-002   2.730E-002   1.898E-002   1.413E-001   1.517E-005   1.268E-009
 4.72   8.078E-004   2.256E-001   5.057E-001   8.488E-002   2.726E-002   1.893E-002   1.369E-001   1.437E-005   1.169E-009
 4.71   8.845E-004   2.348E-001   5.021E-001   8.348E-002   2.721E-002   1.889E-002   1.326E-001   1.360E-005   1.077E-009
 4.70   9.667E-004   2.438E-001   4.984E-001   8.229E-002   2.715E-002   1.885E-002   1.284E-001   1.287E-005   9.911E-010
 4.69   1.054E-003   2.527E-001   4.948E-001   8.129E-002   2.707E-002   1.882E-002   1.243E-001   1.217E-005   9.115E-010
 4.68   1.147E-003   2.612E-001   4.911E-001   8.046E-002   2.698E-002   1.879E-002   1.203E-001   1.150E-005   8.377E-010
 4.67   1.245E-003   2.695E-001   4.874E-001   7.978E-002   2.687E-002   1.877E-002   1.164E-001   1.086E-005   7.693E-010
 4.66   1.349E-003   2.775E-001   4.838E-001   7.924E-002   2.675E-002   1.876E-002   1.126E-001   1.026E-005   7.059E-010
 4.65   1.458E-003   2.852E-001   4.804E-001   7.882E-002   2.661E-002   1.875E-002   1.088E-001   9.678E-006   6.473E-010
 4.64   1.573E-003   2.925E-001   4.770E-001   7.852E-002   2.644E-002   1.875E-002   1.052E-001   9.128E-006   5.932E-010
 4.63   1.695E-003   2.996E-001   4.738E-001   7.830E-002   2.627E-002   1.875E-002   1.016E-001   8.605E-006   5.433E-010
 4.62   1.823E-003   3.063E-001   4.708E-001   7.818E-002   2.607E-002   1.875E-002   9.812E-002   8.108E-006   4.973E-010
 4.61   1.957E-003   3.127E-001   4.679E-001   7.812E-002   2.585E-002   1.876E-002   9.474E-002   7.638E-006   4.550E-010
 4.60   2.097E-003   3.188E-001   4.651E-001   7.813E-002   2.562E-002   1.877E-002   9.145E-002   7.192E-006   4.160E-010
 4.59   2.245E-003   3.245E-001   4.626E-001   7.819E-002   2.537E-002   1.879E-002   8.826E-002   6.770E-006   3.803E-010
 4.58   2.398E-003   3.300E-001   4.602E-001   7.830E-002   2.510E-002   1.881E-002   8.517E-002   6.372E-006   3.475E-010
 4.57   2.559E-003   3.352E-001   4.580E-001   7.844E-002   2.482E-002   1.883E-002   8.217E-002   5.995E-006   3.175E-010
 4.56   2.726E-003   3.400E-001   4.560E-001   7.861E-002   2.452E-002   1.885E-002   7.926E-002   5.639E-006   2.899E-010
 4.55   2.900E-003   3.447E-001   4.541E-001   7.880E-002   2.420E-002   1.888E-002   7.644E-002   5.304E-006   2.647E-010
 4.54   3.080E-003   3.490E-001   4.524E-001   7.899E-002   2.387E-002   1.891E-002   7.371E-002   4.987E-006   2.417E-010
 4.53   3.267E-003   3.532E-001   4.508E-001   7.920E-002   2.354E-002   1.894E-002   7.107E-002   4.689E-006   2.206E-010
 4.52   3.461E-003   3.571E-001   4.494E-001   7.941E-002   2.318E-002   1.897E-002   6.851E-002   4.407E-006   2.013E-010
 4.51   3.661E-003   3.608E-001   4.481E-001   7.961E-002   2.282E-002   1.900E-002   6.603E-002   4.142E-006   1.836E-010
 4.50   3.867E-003   3.644E-001   4.469E-001   7.980E-002   2.245E-002   1.903E-002   6.364E-002   3.892E-006   1.674E-010
 4.49   4.079E-003   3.678E-001   4.458E-001   7.997E-002   2.208E-002   1.905E-002   6.131E-002   3.655E-006   1.526E-010
 4.48   4.298E-003   3.710E-001   4.447E-001   8.013E-002   2.169E-002   1.908E-002   5.905E-002   3.432E-006   1.391E-010
 4.47   4.523E-003   3.741E-001   4.438E-001   8.027E-002   2.130E-002   1.910E-002   5.686E-002   3.221E-006   1.267E-010
 4.46   4.754E-003   3.771E-001   4.430E-001   8.037E-002   2.090E-002   1.912E-002   5.474E-002   3.022E-006   1.153E-010
 4.45   4.992E-003   3.801E-001   4.422E-001   8.045E-002   2.050E-002   1.913E-002   5.267E-002   2.833E-006   1.048E-010
 4.44   5.235E-003   3.829E-001   4.415E-001   8.050E-002   2.009E-002   1.913E-002   5.065E-002   2.653E-006   9.519E-011
 4.43   5.486E-003   3.857E-001   4.408E-001   8.050E-002   1.968E-002   1.913E-002   4.868E-002   2.483E-006   8.636E-011
 4.42   5.743E-003   3.884E-001   4.402E-001   8.047E-002   1.927E-002   1.911E-002   4.676E-002   2.322E-006   7.823E-011
 4.41   6.006E-003   3.912E-001   4.396E-001   8.040E-002   1.885E-002   1.909E-002   4.489E-002   2.169E-006   7.075E-011
 4.40   6.278E-003   3.939E-001   4.390E-001   8.028E-002   1.843E-002   1.906E-002   4.305E-002   2.022E-006   6.386E-011
 4.39   6.557E-003   3.966E-001   4.385E-001   8.012E-002   1.801E-002   1.901E-002   4.124E-002   1.883E-006   5.751E-011
 4.38   6.845E-003   3.993E-001   4.380E-001   7.990E-002   1.759E-002   1.894E-002   3.947E-002   1.751E-006   5.167E-011
 4.37   7.142E-003   4.020E-001   4.375E-001   7.963E-002   1.716E-002   1.886E-002   3.772E-002   1.624E-006   4.628E-011
 4.36   7.450E-003   4.048E-001   4.370E-001   7.930E-002   1.673E-002   1.876E-002   3.601E-002   1.503E-006   4.132E-011
 4.35   7.769E-003   4.076E-001   4.365E-001   7.892E-002   1.630E-002   1.863E-002   3.431E-002   1.388E-006   3.676E-011
 4.34   8.100E-003   4.105E-001   4.360E-001   7.846E-002   1.587E-002   1.848E-002   3.264E-002   1.278E-006   3.258E-011
 4.33   8.446E-003   4.134E-001   4.355E-001   7.794E-002   1.543E-002   1.831E-002   3.099E-002   1.173E-006   2.873E-011
 4.32   8.807E-003   4.165E-001   4.349E-001   7.734E-002   1.499E-002   1.811E-002   2.936E-002   1.073E-006   2.522E-011
 4.31   9.185E-003   4.196E-001   4.344E-001   7.667E-002   1.454E-002   1.787E-002   2.775E-002   9.773E-007   2.201E-011
 4.30   9.583E-003   4.229E-001   4.338E-001   7.592E-002   1.409E-002   1.760E-002   2.616E-002   8.866E-007   1.909E-011
 4.29   1.000E-002   4.263E-001   4.331E-001   7.507E-002   1.363E-002   1.730E-002   2.459E-002   8.005E-007   1.645E-011
 4.28   1.045E-002   4.298E-001   4.324E-001   7.413E-002   1.317E-002   1.696E-002   2.304E-002   7.191E-007   1.407E-011
 4.27   1.092E-002   4.336E-001   4.316E-001   7.310E-002   1.270E-002   1.657E-002   2.151E-002   6.422E-007   1.193E-011
 4.26   1.141E-002   4.375E-001   4.308E-001   7.195E-002   1.222E-002   1.614E-002   2.000E-002   5.699E-007   1.002E-011
 4.25   1.195E-002   4.416E-001   4.298E-001   7.070E-002   1.172E-002   1.567E-002   1.852E-002   5.023E-007   8.339E-012
 4.24   1.252E-002   4.459E-001   4.288E-001   6.933E-002   1.122E-002   1.516E-002   1.707E-002   4.393E-007   6.861E-012
 4.23   1.313E-002   4.505E-001   4.276E-001   6.782E-002   1.070E-002   1.459E-002   1.564E-002   3.809E-007   5.577E-012
 4.22   1.379E-002   4.554E-001   4.262E-001   6.619E-002   1.017E-002   1.398E-002   1.426E-002   3.273E-007   4.473E-012
 4.21   1.450E-002   4.605E-001   4.247E-001   6.441E-002   9.624E-003   1.333E-002   1.291E-002   2.784E-007   3.535E-012
 4.20   1.526E-002   4.660E-001   4.230E-001   6.249E-002   9.064E-003   1.263E-002   1.162E-002   2.341E-007   2.750E-012
 4.19   1.609E-002   4.718E-001   4.210E-001   6.041E-002   8.488E-003   1.188E-002   1.037E-002   1.945E-007   2.101E-012
 4.18   1.700E-002   4.780E-001   4.187E-001   5.818E-002   7.900E-003   1.111E-002   9.179E-003   1.595E-007   1.575E-012
 4.17   1.798E-002   4.845E-001   4.161E-001   5.577E-002   7.300E-003   1.030E-002   8.052E-003   1.288E-007   1.155E-012
 4.16   1.905E-002   4.915E-001   4.130E-001   5.321E-002   6.691E-003   9.465E-003   6.992E-003   1.024E-007   8.282E-013
 4.15   2.022E-002   4.990E-001   4.096E-001   5.048E-002   6.078E-003   8.617E-003   6.006E-003   7.994E-008   5.788E-013
 4.14   2.151E-002   5.069E-001   4.057E-001   4.759E-002   5.466E-003   7.762E-003   5.096E-003   6.122E-008   3.934E-013
 4.13   2.291E-002   5.153E-001   4.012E-001   4.456E-002   4.860E-003   6.911E-003   4.268E-003   4.591E-008   2.594E-013
 4.12   2.446E-002   5.243E-001   3.960E-001   4.139E-002   4.268E-003   6.075E-003   3.524E-003   3.364E-008   1.654E-013
 4.11   2.616E-002   5.337E-001   3.902E-001   3.811E-002   3.696E-003   5.267E-003   2.864E-003   2.404E-008   1.017E-013
 4.10   2.804E-002   5.438E-001   3.835E-001   3.475E-002   3.152E-003   4.498E-003   2.288E-003   1.671E-008   6.017E-014
 4.09   3.011E-002   5.543E-001   3.760E-001   3.135E-002   2.644E-003   3.778E-003   1.795E-003   1.128E-008   3.409E-014
 4.08   3.239E-002   5.654E-001   3.676E-001   2.794E-002   2.178E-003   3.116E-003   1.379E-003   7.370E-009   1.844E-014
 4.07   3.492E-002   5.770E-001   3.582E-001   2.457E-002   1.758E-003   2.521E-003   1.037E-003   4.650E-009   9.489E-015
 4.06   3.771E-002   5.891E-001   3.477E-001   2.129E-002   1.389E-003   1.995E-003   7.608E-004   2.819E-009   4.604E-015
 4.05   4.079E-002   6.017E-001   3.362E-001   1.816E-002   1.071E-003   1.543E-003   5.436E-004   1.637E-009   2.096E-015
 4.04   4.421E-002   6.146E-001   3.236E-001   1.522E-002   8.050E-004   1.163E-003   3.775E-004   9.079E-010   8.925E-016
 4.03   4.799E-002   6.278E-001   3.100E-001   1.252E-002   5.885E-004   8.533E-004   2.542E-004   4.790E-010   3.530E-016
 4.02   5.217E-002   6.412E-001   2.953E-001   1.008E-002   4.174E-004   6.076E-004   1.655E-004   2.393E-010   1.289E-016
 4.01   5.679E-002   6.547E-001   2.797E-001   7.945E-003   2.868E-004   4.191E-004   1.039E-004   1.129E-010   4.332E-017
 4.00   6.190E-002   6.681E-001   2.633E-001   6.113E-003   1.902E-004   2.793E-004   6.278E-005   4.999E-011   1.325E-017
 3.99   6.754E-002   6.813E-001   2.463E-001   4.586E-003   1.215E-004   1.793E-004   3.633E-005   2.065E-011   3.651E-018
 3.98   7.376E-002   6.940E-001   2.286E-001   3.348E-003   7.453E-005   1.105E-004   2.008E-005   7.911E-012   8.989E-019
 3.97   8.061E-002   7.062E-001   2.107E-001   2.375E-003   4.378E-005   6.529E-005   1.056E-005   2.794E-012   1.956E-019
 3.96   8.814E-002   7.175E-001   1.926E-001   1.634E-003   2.455E-005   3.682E-005   5.266E-006   9.042E-013   3.723E-020
 3.95   9.640E-002   7.279E-001   1.746E-001   1.089E-003   1.309E-005   1.976E-005   2.478E-006   2.660E-013   6.119E-021
 3.94   1.054E-001   7.370E-001   1.569E-001   7.014E-004   6.622E-006   1.006E-005   1.096E-006   7.061E-014   8.548E-022
 3.93   1.153E-001   7.446E-001   1.396E-001   4.362E-004   3.164E-006   4.839E-006   4.530E-007   1.675E-014   9.950E-023
 3.92   1.260E-001   7.507E-001   1.230E-001   2.614E-004   1.423E-006   2.191E-006   1.741E-007   3.509E-015   9.392E-024
 3.91   1.377E-001   7.549E-001   1.073E-001   1.507E-004   5.993E-007   9.300E-007   6.186E-008   6.412E-016   6.935E-025
 3.90   1.503E-001   7.572E-001   9.246E-002   8.344E-005   2.355E-007   3.684E-007   2.017E-008   1.007E-016   3.823E-026
 3.89   1.639E-001   7.573E-001   7.875E-002   4.427E-005   8.597E-008   1.356E-007   5.997E-009   1.338E-017   1.478E-027
 3.88   1.785E-001   7.552E-001   6.621E-002   2.248E-005   2.901E-008   4.613E-008   1.613E-009   1.479E-018   3.624E-029
 3.87   1.942E-001   7.509E-001   5.491E-002   1.089E-005   9.005E-009   1.445E-008   3.895E-010   1.328E-019   4.524E-031
 3.86   2.110E-001   7.442E-001   4.486E-002   5.029E-006   2.558E-009   4.143E-009   8.354E-011   9.412E-021   1.086E-033
 3.85   2.288E-001   7.351E-001   3.608E-002   2.206E-006   6.612E-010   1.081E-009   1.576E-011   5.085E-022  -5.868E-036
 3.84   2.477E-001   7.238E-001   2.852E-002   9.168E-007   1.547E-010   2.556E-010   2.589E-012   2.029E-023   6.043E-038
 3.83   2.677E-001   7.102E-001   2.213E-002   3.599E-007   3.254E-011   5.433E-011   3.649E-013   5.518E-025  -8.586E-040
 3.82   2.887E-001   6.944E-001   1.683E-002   1.329E-007   6.102E-012   1.030E-011   4.338E-014   8.971E-027   1.449E-041
 3.81   3.108E-001   6.766E-001   1.252E-002   4.603E-008   1.012E-012   1.726E-012   4.271E-015   6.515E-029  -2.643E-043
 3.80   3.340E-001   6.569E-001   9.108E-003   1.497E-008   1.505E-013   2.595E-013   3.586E-016   3.219E-031   3.746E-045
 3.79   3.581E-001   6.354E-001   6.458E-003   4.531E-009   1.944E-014   3.390E-014   2.393E-017  -4.963E-034  -5.603E-047
 3.78   3.831E-001   6.124E-001   4.457E-003   1.271E-009   2.158E-015   3.805E-015   1.232E-018   3.180E-036   8.384E-049
 3.77   4.090E-001   5.880E-001   2.988E-003   3.286E-010   2.023E-016   3.604E-016   4.618E-020  -3.412E-038  -1.267E-050
 3.76   4.356E-001   5.624E-001   1.941E-003   7.658E-011   1.409E-017   2.541E-017   7.189E-022   8.334E-040   2.995E-052
 3.75   4.628E-001   5.360E-001   1.221E-003   1.631E-011   7.830E-019   1.426E-018   4.211E-024  -2.099E-041  -6.410E-054
 3.74   4.904E-001   5.088E-001   7.430E-004   3.178E-012   3.393E-020   6.245E-020  -7.404E-027   5.254E-043   1.223E-055
 3.73   5.182E-001   4.814E-001   4.383E-004   5.819E-013   1.349E-021   2.504E-021   2.332E-030  -9.385E-045  -1.481E-057
 3.72   5.458E-001   4.539E-001   2.508E-004   9.854E-014   4.073E-023   7.642E-023  -1.498E-032   1.793E-046   1.766E-059
 3.71   5.730E-001   4.269E-001   1.393E-004   1.504E-014   5.393E-025   1.028E-024   3.216E-034  -5.215E-048  -3.245E-061
 3.70   5.993E-001   4.006E-001   7.575E-005   2.186E-015   4.064E-027   7.744E-027  -8.133E-036   1.562E-049   5.968E-063
 3.69   6.245E-001   3.754E-001   4.061E-005   3.123E-016   1.880E-029   3.758E-029   2.187E-037  -4.674E-051  -1.080E-064
 3.68   6.482E-001   3.518E-001   2.165E-005   4.431E-017  -2.665E-032  -7.996E-032  -7.745E-039   1.762E-052   2.548E-066
 3.67   6.701E-001   3.298E-001   1.161E-005   6.654E-018  -4.078E-034  -7.941E-035   2.642E-040  -6.632E-054  -6.114E-068
 3.66   6.901E-001   3.099E-001   6.322E-006   1.087E-018   1.059E-035  -4.247E-037  -8.966E-042   2.704E-055   1.689E-069
 3.65   7.082E-001   2.918E-001   3.522E-006   1.946E-019  -4.379E-037  -2.636E-039   3.641E-043  -1.422E-056  -6.498E-071
 3.64   7.243E-001   2.757E-001   2.019E-006   3.916E-020   1.942E-038  -4.151E-041  -1.381E-044   7.896E-058   2.752E-072
 3.63   7.386E-001   2.614E-001   1.195E-006   8.961E-021  -7.720E-040  -1.372E-042   3.724E-046  -4.026E-059  -1.121E-073
 3.62   7.514E-001   2.486E-001   7.299E-007   2.337E-021   3.397E-041  -8.085E-044  -2.079E-048   1.462E-060   3.514E-075
 3.61   7.628E-001   2.372E-001   4.595E-007   6.753E-022  -1.000E-043  -5.995E-045  -3.837E-053  -6.067E-062  -1.427E-076
 3.60   7.730E-001   2.270E-001   2.975E-007   2.137E-022   4.911E-045  -5.370E-046  -2.247E-055   2.836E-063   7.165E-078
 3.59   7.822E-001   2.178E-001   1.976E-007   7.366E-023  -7.556E-044  -5.905E-047  -4.358E-057  -1.193E-064  -3.609E-079
 3.58   7.905E-001   2.095E-001   1.343E-007   2.743E-023  -2.993E-044  -7.859E-048  -1.637E-058   3.736E-066   1.618E-080
 3.57   7.980E-001   2.020E-001   9.327E-008   1.095E-023  -8.961E-045  -1.236E-048  -9.513E-060  -6.427E-068  -5.863E-082
 3.56   8.049E-001   1.951E-001   6.601E-008   4.647E-024  -1.745E-045  -2.227E-049  -7.339E-061   3.433E-070   1.788E-083
 3.55   8.112E-001   1.888E-001   4.753E-008   2.077E-024   6.485E-047  -4.404E-050  -6.495E-062  -1.547E-072  -6.657E-085
 3.54   8.169E-001   1.831E-001   3.475E-008   9.726E-025   2.222E-046  -9.525E-051  -6.658E-063  -1.879E-075   2.531E-086
 3.53   8.223E-001   1.777E-001   2.578E-008   4.753E-025   1.244E-046  -2.240E-051  -7.862E-064  -1.906E-077  -8.823E-088
 3.52   8.272E-001   1.728E-001   1.937E-008   2.413E-025   4.764E-047  -5.691E-052  -1.058E-064  -4.024E-079   2.564E-089
 3.51   8.319E-001   1.681E-001   1.473E-008   1.268E-025   1.169E-047  -1.551E-052  -1.601E-065  -1.342E-080  -5.527E-091
 3.50   8.361E-001   1.639E-001   1.132E-008   6.864E-026  -3.281E-049  -4.480E-053  -2.636E-066  -5.246E-082   1.318E-092
 3.49   8.402E-001   1.598E-001   8.789E-009   3.819E-026  -2.043E-048  -1.366E-053  -4.704E-067  -2.443E-083  -3.071E-094
 3.48   8.439E-001   1.561E-001   6.888E-009   2.179E-026  -1.360E-048  -4.383E-054  -9.076E-068  -1.374E-084   5.881E-096
 3.47   8.475E-001   1.525E-001   5.445E-009   1.273E-026  -6.050E-049  -1.475E-054  -1.886E-068  -9.288E-086  -7.195E-098
 3.46   8.508E-001   1.492E-001   4.339E-009   7.599E-027  -1.713E-049  -5.187E-055  -4.203E-069  -7.439E-087   2.320E-100
 3.45   8.539E-001   1.461E-001   3.484E-009   4.632E-027   1.071E-051  -1.902E-055  -9.999E-070  -6.951E-088   1.710E-102
 3.44   8.569E-001   1.431E-001   2.817E-009   2.877E-027   3.488E-050  -7.251E-056  -2.529E-070  -7.463E-089   3.276E-104
 3.43   8.597E-001   1.403E-001   2.292E-009   1.818E-027   2.678E-050  -2.866E-056  -6.775E-071  -9.081E-090   1.042E-105
 3.42   8.624E-001   1.376E-001   1.877E-009   1.167E-027   1.351E-050  -1.172E-056  -1.914E-071  -1.237E-090   4.699E-107
 3.41   8.649E-001   1.351E-001   1.546E-009   7.601E-028   4.432E-051  -4.948E-057  -5.682E-072  -1.866E-091   2.764E-108
 3.40   8.674E-001   1.326E-001   1.280E-009   5.013E-028   1.995E-052  -2.152E-057  -1.767E-072  -3.086E-092   2.011E-109
 3.39   8.697E-001   1.303E-001   1.065E-009   3.347E-028  -8.862E-052  -9.624E-058  -5.732E-073  -5.515E-093   1.700E-110
 3.38   8.719E-001   1.281E-001   8.908E-010   2.261E-028  -7.841E-052  -4.416E-058  -1.930E-073  -1.046E-093   1.565E-111
 3.37   8.740E-001   1.260E-001   7.485E-010   1.544E-028  -4.347E-052  -2.076E-058  -6.733E-074  -2.100E-094   1.571E-112
 3.36   8.760E-001   1.240E-001   6.317E-010   1.066E-028  -1.568E-052  -9.990E-059  -2.429E-074  -4.453E-095   1.718E-113
 3.35   8.779E-001   1.221E-001   5.352E-010   7.431E-029  -1.154E-053  -4.911E-059  -9.042E-075  -9.947E-096   2.043E-114
 3.34   8.798E-001   1.202E-001   4.553E-010   5.230E-029   3.157E-053  -2.465E-059  -3.469E-075  -2.335E-096   2.632E-115
 3.33   8.815E-001   1.185E-001   3.888E-010   3.713E-029   3.058E-053  -1.261E-059  -1.369E-075  -5.744E-097   3.659E-116
 3.32   8.832E-001   1.168E-001   3.331E-010   2.657E-029   1.824E-053  -6.572E-060  -5.550E-076  -1.477E-097   5.470E-117
 3.31   8.849E-001   1.151E-001   2.873E-010   1.938E-029   7.222E-054  -3.596E-060  -2.414E-076  -4.192E-098   9.032E-118
 3.30   8.865E-001   1.135E-001   2.485E-010   1.423E-029   8.310E-055  -1.997E-060  -1.074E-076  -1.237E-098   1.602E-118
 3.29   8.880E-001   1.120E-001   2.156E-010   1.051E-029  -1.375E-054  -1.125E-060  -4.877E-077  -3.787E-099   3.035E-119
 3.28   8.894E-001   1.106E-001   1.876E-010   7.807E-030  -1.503E-054  -6.428E-061  -2.260E-077  -1.200E-099   6.105E-120
 3.27   8.909E-001   1.091E-001   1.636E-010   5.832E-030  -9.716E-055  -3.719E-061  -1.067E-077  -3.925E-100   1.298E-120
 3.26   8.922E-001   1.078E-001   1.430E-010   4.381E-030  -4.198E-055  -2.179E-061  -5.130E-078  -1.324E-100   2.906E-121
 3.25   8.935E-001   1.065E-001   1.254E-010   3.307E-030  -6.924E-056  -1.291E-061  -2.508E-078  -4.596E-101   6.825E-122
 3.24   8.948E-001   1.052E-001   1.101E-010   2.509E-030   6.714E-056  -7.740E-062  -1.247E-078  -1.640E-101   1.676E-122
 3.23   8.961E-001   1.039E-001   9.697E-011   1.912E-030   8.470E-056  -4.689E-062  -6.293E-079  -6.002E-102   4.291E-123
 3.22   8.973E-001   1.027E-001   8.555E-011   1.463E-030   5.868E-056  -2.870E-062  -3.224E-079  -2.251E-102   1.142E-123
 3.21   8.984E-001   1.016E-001   7.562E-011   1.124E-030   2.724E-056  -1.774E-062  -1.675E-079  -8.643E-103   3.155E-124
 3.20   8.995E-001   1.005E-001   6.698E-011   8.672E-031   5.637E-057  -1.107E-062  -8.819E-080  -3.392E-103   9.017E-125
 3.19   9.006E-001   9.936E-002   5.942E-011   6.714E-031  -3.600E-057  -6.966E-063  -4.704E-080  -1.359E-103   2.662E-125
 3.18   9.017E-001   9.830E-002   5.281E-011   5.217E-031  -5.301E-057  -4.423E-063  -2.540E-080  -5.555E-104   8.101E-126
 3.17   9.027E-001   9.726E-002   4.701E-011   4.067E-031  -3.915E-057  -2.831E-063  -1.388E-080  -2.314E-104   2.538E-126
 3.16   9.037E-001   9.626E-002   4.192E-011   3.181E-031  -1.936E-057  -1.827E-063  -7.671E-081  -9.815E-105   8.169E-127
 3.15   9.047E-001   9.528E-002   3.743E-011   2.496E-031  -4.731E-058  -1.188E-063  -4.285E-081  -4.235E-105   2.698E-127
 3.14   9.057E-001   9.433E-002   3.347E-011   1.964E-031   2.045E-058  -7.779E-064  -2.419E-081  -1.858E-105   9.134E-128
 3.13   9.066E-001   9.340E-002   2.997E-011   1.550E-031   3.620E-058  -5.131E-064  -1.379E-081  -8.277E-106   3.164E-128
 3.12   9.075E-001   9.250E-002   2.687E-011   1.227E-031   2.854E-058  -3.407E-064  -7.938E-082  -3.744E-106   1.120E-128
 3.11   9.084E-001   9.162E-002   2.412E-011   9.732E-032   1.504E-058  -2.277E-064  -4.611E-082  -1.718E-106   4.051E-129
 3.10   9.092E-001   9.076E-002   2.167E-011   7.740E-032   4.284E-059  -1.531E-064  -2.702E-082  -7.989E-107   1.494E-129
 3.09   9.101E-001   8.992E-002   1.950E-011   6.171E-032  -1.114E-059  -1.036E-064  -1.597E-082  -3.765E-107   5.617E-130
 3.08   9.109E-001   8.910E-002   1.756E-011   4.932E-032  -2.628E-059  -7.051E-065  -9.518E-083  -1.797E-107   2.150E-130
 3.07   9.117E-001   8.830E-002   1.583E-011   3.950E-032  -2.232E-059  -4.825E-065  -5.716E-083  -8.680E-108   8.372E-131
 3.06   9.125E-001   8.752E-002   1.429E-011   3.170E-032  -1.255E-059  -3.320E-065  -3.459E-083  -4.242E-108   3.314E-131
 3.05   9.132E-001   8.676E-002   1.291E-011   2.550E-032  -3.995E-060  -2.297E-065  -2.109E-083  -2.096E-108   1.332E-131
 3.04   9.140E-001   8.601E-002   1.167E-011   2.055E-032   7.569E-061  -1.596E-065  -1.295E-083  -1.047E-108   5.439E-132
 3.03   9.147E-001   8.528E-002   1.056E-011   1.659E-032   2.403E-060  -1.115E-065  -8.004E-084  -5.282E-109   2.252E-132
 3.02   9.154E-001   8.457E-002   9.560E-012   1.342E-032   2.293E-060  -7.828E-066  -4.980E-084  -2.692E-109   9.453E-133
 3.01   9.161E-001   8.387E-002   8.663E-012   1.087E-032   1.454E-060  -5.519E-066  -3.118E-084  -1.385E-109   4.021E-133
 3.00   9.168E-001   8.319E-002   7.855E-012   8.824E-033   5.052E-061  -3.909E-066  -1.965E-084  -7.189E-110   1.732E-133
