 9.00   0.000E+000   0.000E+000  -8.161E-017   0.000E+000   0.000E+000   7.669E-017   0.000E+000   1.050E-013   5.235E-009   1.003E-004   9.999E-001
 8.99  -3.760E-054  -7.544E-046  -1.275E-040   1.588E-037   1.126E-030   1.203E-024   6.228E-019   1.155E-013   5.609E-009   1.037E-004   9.999E-001
 8.98   4.249E-058   1.245E-049   4.469E-044   4.691E-037   1.338E-030   1.393E-024   7.031E-019   1.270E-013   6.010E-009   1.072E-004   9.999E-001
 8.97   5.528E-058   1.579E-049   5.586E-044   5.715E-037   1.589E-030   1.612E-024   7.937E-019   1.397E-013   6.439E-009   1.109E-004   9.999E-001
 8.96   7.191E-058   2.002E-049   6.982E-044   6.964E-037   1.887E-030   1.867E-024   8.960E-019   1.537E-013   6.899E-009   1.146E-004   9.999E-001
 8.95   9.352E-058   2.539E-049   8.728E-044   8.486E-037   2.242E-030   2.162E-024   1.011E-018   1.690E-013   7.391E-009   1.184E-004   9.999E-001
 8.94   1.216E-057   3.218E-049   1.091E-043   1.034E-036   2.663E-030   2.504E-024   1.142E-018   1.859E-013   7.918E-009   1.224E-004   9.999E-001
 8.93   1.580E-057   4.077E-049   1.363E-043   1.260E-036   3.163E-030   2.899E-024   1.289E-018   2.044E-013   8.482E-009   1.265E-004   9.999E-001
 8.92   2.052E-057   5.163E-049   1.704E-043   1.535E-036   3.756E-030   3.356E-024   1.454E-018   2.248E-013   9.085E-009   1.308E-004   9.999E-001
 8.91   2.665E-057   6.535E-049   2.129E-043   1.869E-036   4.460E-030   3.884E-024   1.641E-018   2.472E-013   9.731E-009   1.352E-004   9.999E-001
 8.90   3.458E-057   8.269E-049   2.659E-043   2.276E-036   5.295E-030   4.496E-024   1.852E-018   2.717E-013   1.042E-008   1.397E-004   9.999E-001
 8.89   4.486E-057   1.046E-048   3.321E-043   2.772E-036   6.285E-030   5.202E-024   2.089E-018   2.987E-013   1.116E-008   1.443E-004   9.999E-001
 8.88   5.815E-057   1.322E-048   4.148E-043   3.374E-036   7.459E-030   6.018E-024   2.356E-018   3.283E-013   1.195E-008   1.491E-004   9.999E-001
 8.87   7.534E-057   1.670E-048   5.179E-043   4.107E-036   8.851E-030   6.962E-024   2.657E-018   3.607E-013   1.279E-008   1.541E-004   9.998E-001
 8.86   9.758E-057   2.109E-048   6.466E-043   4.999E-036   1.050E-029   8.053E-024   2.996E-018   3.963E-013   1.369E-008   1.591E-004   9.998E-001
 8.85   1.263E-056   2.662E-048   8.072E-043   6.083E-036   1.246E-029   9.314E-024   3.379E-018   4.354E-013   1.465E-008   1.644E-004   9.998E-001
 8.84   1.635E-056   3.358E-048   1.008E-042   7.402E-036   1.478E-029   1.077E-023   3.809E-018   4.783E-013   1.568E-008   1.698E-004   9.998E-001
 8.83   2.115E-056   4.235E-048   1.257E-042   9.005E-036   1.753E-029   1.246E-023   4.295E-018   5.254E-013   1.678E-008   1.754E-004   9.998E-001
 8.82   2.735E-056   5.340E-048   1.569E-042   1.095E-035   2.079E-029   1.440E-023   4.842E-018   5.772E-013   1.795E-008   1.812E-004   9.998E-001
 8.81   3.535E-056   6.730E-048   1.958E-042   1.333E-035   2.466E-029   1.666E-023   5.458E-018   6.339E-013   1.921E-008   1.871E-004   9.998E-001
 8.80   4.568E-056   8.478E-048   2.444E-042   1.621E-035   2.925E-029   1.926E-023   6.152E-018   6.962E-013   2.055E-008   1.933E-004   9.998E-001
 8.79   5.900E-056   1.068E-047   3.050E-042   1.972E-035   3.469E-029   2.227E-023   6.934E-018   7.646E-013   2.198E-008   1.996E-004   9.998E-001
 8.78   7.617E-056   1.344E-047   3.806E-042   2.400E-035   4.114E-029   2.574E-023   7.815E-018   8.396E-013   2.351E-008   2.060E-004   9.998E-001
 8.77   9.828E-056   1.691E-047   4.750E-042   2.919E-035   4.878E-029   2.975E-023   8.806E-018   9.219E-013   2.515E-008   2.127E-004   9.998E-001
 8.76   1.267E-055   2.127E-047   5.927E-042   3.550E-035   5.784E-029   3.439E-023   9.922E-018   1.012E-012   2.689E-008   2.196E-004   9.998E-001
 8.75   1.634E-055   2.673E-047   7.393E-042   4.317E-035   6.856E-029   3.974E-023   1.118E-017   1.111E-012   2.875E-008   2.266E-004   9.998E-001
 8.74   2.104E-055   3.357E-047   9.221E-042   5.249E-035   8.125E-029   4.590E-023   1.259E-017   1.219E-012   3.073E-008   2.339E-004   9.998E-001
 8.73   2.708E-055   4.213E-047   1.150E-041   6.379E-035   9.627E-029   5.302E-023   1.417E-017   1.337E-012   3.283E-008   2.414E-004   9.998E-001
 8.72   3.484E-055   5.284E-047   1.433E-041   7.752E-035   1.140E-028   6.123E-023   1.595E-017   1.466E-012   3.508E-008   2.492E-004   9.998E-001
 8.71   4.479E-055   6.623E-047   1.786E-041   9.419E-035   1.351E-028   7.070E-023   1.796E-017   1.608E-012   3.748E-008   2.571E-004   9.997E-001
 8.70   5.755E-055   8.297E-047   2.226E-041   1.144E-034   1.600E-028   8.162E-023   2.021E-017   1.763E-012   4.003E-008   2.653E-004   9.997E-001
 8.69   7.391E-055   1.039E-046   2.775E-041   1.390E-034   1.894E-028   9.422E-023   2.274E-017   1.933E-012   4.275E-008   2.737E-004   9.997E-001
 8.68   9.486E-055   1.300E-046   3.458E-041   1.688E-034   2.243E-028   1.088E-022   2.559E-017   2.120E-012   4.566E-008   2.824E-004   9.997E-001
 8.67   1.217E-054   1.626E-046   4.308E-041   2.051E-034   2.656E-028   1.255E-022   2.879E-017   2.324E-012   4.875E-008   2.913E-004   9.997E-001
 8.66   1.560E-054   2.033E-046   5.368E-041   2.490E-034   3.145E-028   1.449E-022   3.239E-017   2.547E-012   5.205E-008   3.004E-004   9.997E-001
 8.65   1.998E-054   2.540E-046   6.687E-041   3.024E-034   3.723E-028   1.672E-022   3.644E-017   2.791E-012   5.555E-008   3.098E-004   9.997E-001
 8.64   2.559E-054   3.171E-046   8.331E-041   3.672E-034   4.406E-028   1.929E-022   4.098E-017   3.058E-012   5.928E-008   3.195E-004   9.997E-001
 8.63   3.274E-054   3.956E-046   1.038E-040   4.458E-034   5.215E-028   2.226E-022   4.608E-017   3.351E-012   6.325E-008   3.294E-004   9.997E-001
 8.62   4.186E-054   4.933E-046   1.292E-040   5.412E-034   6.171E-028   2.567E-022   5.181E-017   3.670E-012   6.747E-008   3.396E-004   9.997E-001
 8.61   5.348E-054   6.146E-046   1.609E-040   6.569E-034   7.302E-028   2.961E-022   5.824E-017   4.019E-012   7.197E-008   3.501E-004   9.996E-001
 8.60   6.829E-054   7.652E-046   2.004E-040   7.972E-034   8.639E-028   3.414E-022   6.545E-017   4.400E-012   7.674E-008   3.609E-004   9.996E-001
 8.59   8.713E-054   9.521E-046   2.495E-040   9.674E-034   1.022E-027   3.937E-022   7.355E-017   4.817E-012   8.183E-008   3.719E-004   9.996E-001
 8.58   1.111E-053   1.184E-045   3.106E-040   1.174E-033   1.209E-027   4.538E-022   8.264E-017   5.273E-012   8.724E-008   3.833E-004   9.996E-001
 8.57   1.416E-053   1.471E-045   3.866E-040   1.424E-033   1.429E-027   5.231E-022   9.285E-017   5.771E-012   9.299E-008   3.950E-004   9.996E-001
 8.56   1.802E-053   1.826E-045   4.812E-040   1.728E-033   1.690E-027   6.029E-022   1.043E-016   6.315E-012   9.910E-008   4.071E-004   9.996E-001
 8.55   2.294E-053   2.265E-045   5.989E-040   2.096E-033   1.998E-027   6.948E-022   1.172E-016   6.911E-012   1.056E-007   4.194E-004   9.996E-001
 8.54   2.917E-053   2.809E-045   7.455E-040   2.542E-033   2.363E-027   8.007E-022   1.316E-016   7.561E-012   1.125E-007   4.321E-004   9.996E-001
 8.53   3.707E-053   3.481E-045   9.279E-040   3.084E-033   2.794E-027   9.227E-022   1.478E-016   8.272E-012   1.199E-007   4.452E-004   9.996E-001
 8.52   4.708E-053   4.311E-045   1.155E-039   3.741E-033   3.303E-027   1.063E-021   1.660E-016   9.049E-012   1.277E-007   4.586E-004   9.995E-001
 8.51   5.974E-053   5.334E-045   1.437E-039   4.538E-033   3.905E-027   1.225E-021   1.864E-016   9.898E-012   1.360E-007   4.724E-004   9.995E-001
 8.50   7.575E-053   6.595E-045   1.789E-039   5.504E-033   4.617E-027   1.411E-021   2.093E-016   1.082E-011   1.448E-007   4.865E-004   9.995E-001
 8.49   9.598E-053   8.147E-045   2.226E-039   6.675E-033   5.457E-027   1.626E-021   2.349E-016   1.184E-011   1.542E-007   5.011E-004   9.995E-001
 8.48   1.215E-052   1.006E-044   2.770E-039   8.094E-033   6.450E-027   1.873E-021   2.637E-016   1.294E-011   1.642E-007   5.161E-004   9.995E-001
 8.47   1.537E-052   1.240E-044   3.446E-039   9.813E-033   7.622E-027   2.158E-021   2.960E-016   1.415E-011   1.748E-007   5.315E-004   9.995E-001
 8.46   1.942E-052   1.528E-044   4.288E-039   1.190E-032   9.008E-027   2.485E-021   3.322E-016   1.547E-011   1.861E-007   5.473E-004   9.995E-001
 8.45   2.453E-052   1.882E-044   5.335E-039   1.443E-032   1.065E-026   2.862E-021   3.728E-016   1.691E-011   1.981E-007   5.636E-004   9.994E-001
 8.44   3.094E-052   2.315E-044   6.637E-039   1.749E-032   1.258E-026   3.296E-021   4.184E-016   1.848E-011   2.108E-007   5.803E-004   9.994E-001
 8.43   3.900E-052   2.845E-044   8.258E-039   2.121E-032   1.487E-026   3.796E-021   4.696E-016   2.020E-011   2.243E-007   5.975E-004   9.994E-001
 8.42   4.912E-052   3.494E-044   1.027E-038   2.571E-032   1.757E-026   4.371E-021   5.270E-016   2.208E-011   2.387E-007   6.152E-004   9.994E-001
 8.41   6.182E-052   4.288E-044   1.278E-038   3.118E-032   2.076E-026   5.033E-021   5.914E-016   2.413E-011   2.540E-007   6.333E-004   9.994E-001
 8.40   7.773E-052   5.257E-044   1.591E-038   3.781E-032   2.453E-026   5.796E-021   6.636E-016   2.637E-011   2.703E-007   6.520E-004   9.993E-001
 8.39   9.766E-052   6.441E-044   1.979E-038   4.584E-032   2.899E-026   6.675E-021   7.446E-016   2.882E-011   2.875E-007   6.711E-004   9.993E-001
 8.38   1.226E-051   7.884E-044   2.463E-038   5.558E-032   3.426E-026   7.687E-021   8.355E-016   3.149E-011   3.058E-007   6.908E-004   9.993E-001
 8.37   1.538E-051   9.642E-044   3.066E-038   6.740E-032   4.049E-026   8.852E-021   9.374E-016   3.441E-011   3.253E-007   7.111E-004   9.993E-001
 8.36   1.927E-051   1.178E-043   3.815E-038   8.174E-032   4.785E-026   1.019E-020   1.052E-015   3.760E-011   3.460E-007   7.319E-004   9.993E-001
 8.35   2.413E-051   1.439E-043   4.749E-038   9.914E-032   5.656E-026   1.174E-020   1.180E-015   4.108E-011   3.680E-007   7.533E-004   9.992E-001
 8.34   3.020E-051   1.755E-043   5.912E-038   1.202E-031   6.686E-026   1.352E-020   1.324E-015   4.488E-011   3.914E-007   7.753E-004   9.992E-001
 8.33   3.775E-051   2.139E-043   7.361E-038   1.459E-031   7.904E-026   1.558E-020   1.485E-015   4.903E-011   4.163E-007   7.980E-004   9.992E-001
 8.32   4.716E-051   2.605E-043   9.165E-038   1.770E-031   9.344E-026   1.794E-020   1.667E-015   5.357E-011   4.427E-007   8.213E-004   9.992E-001
 8.31   5.884E-051   3.169E-043   1.141E-037   2.147E-031   1.105E-025   2.066E-020   1.870E-015   5.853E-011   4.708E-007   8.453E-004   9.992E-001
 8.30   7.336E-051   3.852E-043   1.421E-037   2.605E-031   1.306E-025   2.380E-020   2.098E-015   6.394E-011   5.007E-007   8.699E-004   9.991E-001
 8.29   9.135E-051   4.677E-043   1.770E-037   3.161E-031   1.544E-025   2.742E-020   2.354E-015   6.986E-011   5.324E-007   8.952E-004   9.991E-001
 8.28   1.136E-050   5.672E-043   2.205E-037   3.836E-031   1.826E-025   3.158E-020   2.642E-015   7.632E-011   5.661E-007   9.213E-004   9.991E-001
 8.27   1.412E-050   6.872E-043   2.746E-037   4.655E-031   2.159E-025   3.638E-020   2.964E-015   8.338E-011   6.020E-007   9.480E-004   9.991E-001
 8.26   1.753E-050   8.318E-043   3.421E-037   5.649E-031   2.553E-025   4.191E-020   3.326E-015   9.109E-011   6.400E-007   9.755E-004   9.990E-001
 8.25   2.174E-050   1.006E-042   4.262E-037   6.855E-031   3.019E-025   4.828E-020   3.732E-015   9.951E-011   6.805E-007   1.004E-003   9.990E-001
 8.24   2.693E-050   1.215E-042   5.310E-037   8.321E-031   3.570E-025   5.562E-020   4.188E-015   1.087E-010   7.236E-007   1.033E-003   9.990E-001
 8.23   3.333E-050   1.466E-042   6.616E-037   1.010E-030   4.223E-025   6.409E-020   4.700E-015   1.188E-010   7.694E-007   1.063E-003   9.989E-001
 8.22   4.120E-050   1.767E-042   8.244E-037   1.226E-030   4.995E-025   7.386E-020   5.274E-015   1.298E-010   8.180E-007   1.094E-003   9.989E-001
 8.21   5.089E-050   2.127E-042   1.027E-036   1.489E-030   5.909E-025   8.511E-020   5.919E-015   1.418E-010   8.698E-007   1.125E-003   9.989E-001
 8.20   6.279E-050   2.559E-042   1.281E-036   1.808E-030   6.991E-025   9.809E-020   6.643E-015   1.549E-010   9.248E-007   1.158E-003   9.988E-001
 8.19   7.741E-050   3.076E-042   1.597E-036   2.195E-030   8.272E-025   1.131E-019   7.457E-015   1.693E-010   9.834E-007   1.192E-003   9.988E-001
 8.18   9.534E-050   3.693E-042   1.991E-036   2.666E-030   9.788E-025   1.303E-019   8.370E-015   1.850E-010   1.046E-006   1.226E-003   9.988E-001
 8.17   1.173E-049   4.430E-042   2.483E-036   3.239E-030   1.158E-024   1.502E-019   9.395E-015   2.021E-010   1.112E-006   1.262E-003   9.987E-001
 8.16   1.442E-049   5.309E-042   3.097E-036   3.935E-030   1.371E-024   1.732E-019   1.055E-014   2.209E-010   1.182E-006   1.298E-003   9.987E-001
 8.15   1.771E-049   6.355E-042   3.863E-036   4.782E-030   1.623E-024   1.996E-019   1.184E-014   2.414E-010   1.257E-006   1.336E-003   9.987E-001
 8.14   2.173E-049   7.601E-042   4.820E-036   5.811E-030   1.921E-024   2.302E-019   1.329E-014   2.638E-010   1.337E-006   1.375E-003   9.986E-001
 8.13   2.663E-049   9.083E-042   6.015E-036   7.063E-030   2.275E-024   2.654E-019   1.493E-014   2.883E-010   1.422E-006   1.415E-003   9.986E-001
 8.12   3.262E-049   1.084E-041   7.507E-036   8.586E-030   2.694E-024   3.062E-019   1.676E-014   3.151E-010   1.512E-006   1.456E-003   9.985E-001
 8.11   3.992E-049   1.294E-041   9.371E-036   1.044E-029   3.191E-024   3.531E-019   1.882E-014   3.444E-010   1.608E-006   1.498E-003   9.985E-001
 8.10   4.883E-049   1.543E-041   1.170E-035   1.269E-029   3.780E-024   4.074E-019   2.114E-014   3.764E-010   1.710E-006   1.542E-003   9.985E-001
 8.09   5.969E-049   1.838E-041   1.461E-035   1.544E-029   4.478E-024   4.700E-019   2.374E-014   4.115E-010   1.818E-006   1.586E-003   9.984E-001
 8.08   7.293E-049   2.190E-041   1.826E-035   1.878E-029   5.306E-024   5.423E-019   2.667E-014   4.498E-010   1.934E-006   1.632E-003   9.984E-001
 8.07   8.907E-049   2.607E-041   2.281E-035   2.285E-029   6.288E-024   6.257E-019   2.996E-014   4.918E-010   2.057E-006   1.680E-003   9.983E-001
 8.06   1.087E-048   3.103E-041   2.851E-035   2.781E-029   7.453E-024   7.222E-019   3.366E-014   5.377E-010   2.188E-006   1.729E-003   9.983E-001
 8.05   1.327E-048   3.691E-041   3.563E-035   3.385E-029   8.836E-024   8.336E-019   3.782E-014   5.880E-010   2.327E-006   1.779E-003   9.982E-001
 8.04   1.620E-048   4.391E-041   4.455E-035   4.120E-029   1.048E-023   9.623E-019   4.250E-014   6.430E-010   2.476E-006   1.831E-003   9.982E-001
 8.03   1.977E-048   5.224E-041   5.570E-035   5.016E-029   1.242E-023   1.111E-018   4.777E-014   7.032E-010   2.634E-006   1.885E-003   9.981E-001
 8.02   2.414E-048   6.215E-041   6.966E-035   6.108E-029   1.473E-023   1.283E-018   5.369E-014   7.692E-010   2.802E-006   1.940E-003   9.981E-001
 8.01   2.947E-048   7.398E-041   8.713E-035   7.440E-029   1.748E-023   1.482E-018   6.035E-014   8.414E-010   2.982E-006   1.997E-003   9.980E-001
 8.00   3.601E-048   8.810E-041   1.090E-034   9.063E-029   2.073E-023   1.712E-018   6.785E-014   9.204E-010   3.173E-006   2.056E-003   9.979E-001
 7.99   4.403E-048   1.050E-040   1.364E-034   1.104E-028   2.460E-023   1.977E-018   7.628E-014   1.007E-009   3.377E-006   2.116E-003   9.979E-001
 7.98   5.390E-048   1.253E-040   1.707E-034   1.346E-028   2.920E-023   2.284E-018   8.577E-014   1.102E-009   3.595E-006   2.179E-003   9.978E-001
 7.97   6.607E-048   1.497E-040   2.137E-034   1.640E-028   3.466E-023   2.639E-018   9.646E-014   1.206E-009   3.826E-006   2.243E-003   9.978E-001
 7.96   8.112E-048   1.791E-040   2.676E-034   2.000E-028   4.115E-023   3.050E-018   1.085E-013   1.319E-009   4.073E-006   2.310E-003   9.977E-001
 7.95   9.978E-048   2.147E-040   3.352E-034   2.439E-028   4.887E-023   3.526E-018   1.220E-013   1.444E-009   4.337E-006   2.378E-003   9.976E-001
 7.94   1.230E-047   2.580E-040   4.200E-034   2.976E-028   5.805E-023   4.077E-018   1.373E-013   1.581E-009   4.618E-006   2.449E-003   9.975E-001
 7.93   1.521E-047   3.108E-040   5.264E-034   3.631E-028   6.898E-023   4.715E-018   1.545E-013   1.731E-009   4.917E-006   2.522E-003   9.975E-001
 7.92   1.885E-047   3.754E-040   6.600E-034   4.432E-028   8.197E-023   5.454E-018   1.739E-013   1.895E-009   5.237E-006   2.597E-003   9.974E-001
 7.91   2.343E-047   4.547E-040   8.277E-034   5.411E-028   9.745E-023   6.309E-018   1.958E-013   2.076E-009   5.579E-006   2.675E-003   9.973E-001
 7.90   2.922E-047   5.527E-040   1.038E-033   6.608E-028   1.159E-022   7.301E-018   2.204E-013   2.274E-009   5.944E-006   2.755E-003   9.972E-001
 7.89   3.657E-047   6.741E-040   1.303E-033   8.071E-028   1.378E-022   8.450E-018   2.482E-013   2.491E-009   6.333E-006   2.838E-003   9.972E-001
 7.88   4.593E-047   8.250E-040   1.636E-033   9.861E-028   1.639E-022   9.781E-018   2.796E-013   2.729E-009   6.750E-006   2.924E-003   9.971E-001
 7.87   5.790E-047   1.014E-039   2.054E-033   1.205E-027   1.950E-022   1.132E-017   3.150E-013   2.991E-009   7.195E-006   3.013E-003   9.970E-001
 7.86   7.326E-047   1.250E-039   2.580E-033   1.473E-027   2.321E-022   1.311E-017   3.549E-013   3.278E-009   7.670E-006   3.105E-003   9.969E-001
 7.85   9.305E-047   1.547E-039   3.241E-033   1.802E-027   2.763E-022   1.519E-017   3.999E-013   3.594E-009   8.179E-006   3.200E-003   9.968E-001
 7.84   1.186E-046   1.922E-039   4.073E-033   2.204E-027   3.290E-022   1.760E-017   4.508E-013   3.941E-009   8.722E-006   3.298E-003   9.967E-001
 7.83   1.518E-046   2.396E-039   5.121E-033   2.697E-027   3.919E-022   2.040E-017   5.082E-013   4.322E-009   9.303E-006   3.399E-003   9.966E-001
 7.82   1.950E-046   2.999E-039   6.439E-033   3.300E-027   4.669E-022   2.364E-017   5.731E-013   4.740E-009   9.925E-006   3.504E-003   9.965E-001
 7.81   2.514E-046   3.768E-039   8.099E-033   4.041E-027   5.564E-022   2.741E-017   6.463E-013   5.200E-009   1.059E-005   3.612E-003   9.964E-001
 7.80   3.253E-046   4.750E-039   1.019E-032   4.948E-027   6.633E-022   3.178E-017   7.291E-013   5.706E-009   1.130E-005   3.724E-003   9.963E-001
 7.79   4.224E-046   6.008E-039   1.283E-032   6.062E-027   7.908E-022   3.687E-017   8.225E-013   6.262E-009   1.206E-005   3.840E-003   9.961E-001
 7.78   5.501E-046   7.624E-039   1.616E-032   7.428E-027   9.432E-022   4.277E-017   9.282E-013   6.873E-009   1.288E-005   3.960E-003   9.960E-001
 7.77   7.186E-046   9.702E-039   2.036E-032   9.106E-027   1.125E-021   4.963E-017   1.048E-012   7.546E-009   1.375E-005   4.085E-003   9.959E-001
 7.76   9.412E-046   1.238E-038   2.566E-032   1.117E-026   1.343E-021   5.761E-017   1.183E-012   8.286E-009   1.468E-005   4.213E-003   9.958E-001
 7.75   1.236E-045   1.584E-038   3.235E-032   1.370E-026   1.603E-021   6.690E-017   1.336E-012   9.102E-009   1.569E-005   4.347E-003   9.956E-001
 7.74   1.626E-045   2.030E-038   4.081E-032   1.681E-026   1.915E-021   7.770E-017   1.509E-012   1.000E-008   1.676E-005   4.485E-003   9.955E-001
 7.73   2.144E-045   2.608E-038   5.149E-032   2.064E-026   2.288E-021   9.029E-017   1.706E-012   1.099E-008   1.792E-005   4.629E-003   9.954E-001
 7.72   2.833E-045   3.356E-038   6.500E-032   2.535E-026   2.734E-021   1.049E-016   1.928E-012   1.208E-008   1.916E-005   4.777E-003   9.952E-001
 7.71   3.748E-045   4.326E-038   8.208E-032   3.115E-026   3.269E-021   1.220E-016   2.180E-012   1.329E-008   2.049E-005   4.932E-003   9.950E-001
 7.70   4.968E-045   5.586E-038   1.037E-031   3.829E-026   3.909E-021   1.419E-016   2.466E-012   1.462E-008   2.191E-005   5.092E-003   9.949E-001
 7.69   6.595E-045   7.223E-038   1.311E-031   4.708E-026   4.677E-021   1.650E-016   2.789E-012   1.608E-008   2.345E-005   5.258E-003   9.947E-001
 7.68   8.765E-045   9.351E-038   1.657E-031   5.791E-026   5.597E-021   1.920E-016   3.156E-012   1.769E-008   2.510E-005   5.431E-003   9.945E-001
 7.67   1.166E-044   1.212E-037   2.097E-031   7.125E-026   6.700E-021   2.235E-016   3.572E-012   1.948E-008   2.687E-005   5.610E-003   9.944E-001
 7.66   1.554E-044   1.572E-037   2.653E-031   8.771E-026   8.023E-021   2.602E-016   4.043E-012   2.144E-008   2.877E-005   5.796E-003   9.942E-001
 7.65   2.071E-044   2.042E-037   3.359E-031   1.080E-025   9.611E-021   3.031E-016   4.578E-012   2.361E-008   3.082E-005   5.989E-003   9.940E-001
 7.64   2.764E-044   2.653E-037   4.255E-031   1.330E-025   1.152E-020   3.530E-016   5.186E-012   2.601E-008   3.302E-005   6.190E-003   9.938E-001
 7.63   3.691E-044   3.451E-037   5.391E-031   1.640E-025   1.381E-020   4.114E-016   5.875E-012   2.866E-008   3.539E-005   6.399E-003   9.936E-001
 7.62   4.934E-044   4.493E-037   6.834E-031   2.022E-025   1.656E-020   4.796E-016   6.659E-012   3.159E-008   3.794E-005   6.616E-003   9.933E-001
 7.61   6.601E-044   5.853E-037   8.668E-031   2.494E-025   1.987E-020   5.593E-016   7.550E-012   3.483E-008   4.069E-005   6.842E-003   9.931E-001
 7.60   8.838E-044   7.632E-037   1.100E-030   3.078E-025   2.385E-020   6.526E-016   8.564E-012   3.842E-008   4.366E-005   7.077E-003   9.929E-001
 7.59   1.184E-043   9.961E-037   1.397E-030   3.802E-025   2.865E-020   7.619E-016   9.719E-012   4.239E-008   4.685E-005   7.321E-003   9.926E-001
 7.58   1.589E-043   1.301E-036   1.776E-030   4.699E-025   3.444E-020   8.899E-016   1.103E-011   4.678E-008   5.030E-005   7.576E-003   9.924E-001
 7.57   2.132E-043   1.701E-036   2.258E-030   5.810E-025   4.141E-020   1.040E-015   1.253E-011   5.165E-008   5.402E-005   7.841E-003   9.921E-001
 7.56   2.864E-043   2.224E-036   2.873E-030   7.187E-025   4.981E-020   1.215E-015   1.423E-011   5.705E-008   5.803E-005   8.117E-003   9.918E-001
 7.55   3.849E-043   2.911E-036   3.657E-030   8.894E-025   5.994E-020   1.421E-015   1.617E-011   6.303E-008   6.237E-005   8.405E-003   9.915E-001
 7.54   5.176E-043   3.811E-036   4.657E-030   1.101E-024   7.215E-020   1.662E-015   1.838E-011   6.965E-008   6.706E-005   8.706E-003   9.912E-001
 7.53   6.964E-043   4.992E-036   5.933E-030   1.363E-024   8.688E-020   1.945E-015   2.090E-011   7.701E-008   7.213E-005   9.019E-003   9.909E-001
 7.52   9.375E-043   6.543E-036   7.561E-030   1.689E-024   1.047E-019   2.276E-015   2.377E-011   8.517E-008   7.761E-005   9.347E-003   9.906E-001
 7.51   1.263E-042   8.581E-036   9.642E-030   2.094E-024   1.261E-019   2.665E-015   2.704E-011   9.423E-008   8.355E-005   9.688E-003   9.902E-001
 7.50   1.702E-042   1.126E-035   1.230E-029   2.597E-024   1.521E-019   3.121E-015   3.078E-011   1.043E-007   8.997E-005   1.004E-002   9.899E-001
 7.49   2.296E-042   1.479E-035   1.571E-029   3.223E-024   1.835E-019   3.658E-015   3.504E-011   1.155E-007   9.692E-005   1.042E-002   9.895E-001
 7.48   3.099E-042   1.943E-035   2.007E-029   4.003E-024   2.215E-019   4.288E-015   3.992E-011   1.279E-007   1.044E-004   1.080E-002   9.891E-001
 7.47   4.187E-042   2.555E-035   2.566E-029   4.973E-024   2.675E-019   5.030E-015   4.549E-011   1.417E-007   1.126E-004   1.121E-002   9.887E-001
 7.46   5.660E-042   3.362E-035   3.282E-029   6.183E-024   3.233E-019   5.904E-015   5.186E-011   1.570E-007   1.215E-004   1.163E-002   9.882E-001
 7.45   7.657E-042   4.428E-035   4.202E-029   7.692E-024   3.909E-019   6.932E-015   5.915E-011   1.741E-007   1.311E-004   1.208E-002   9.878E-001
 7.44   1.037E-041   5.835E-035   5.383E-029   9.576E-024   4.729E-019   8.145E-015   6.750E-011   1.932E-007   1.415E-004   1.254E-002   9.873E-001
 7.43   1.405E-041   7.696E-035   6.900E-029   1.193E-023   5.725E-019   9.574E-015   7.707E-011   2.144E-007   1.529E-004   1.303E-002   9.868E-001
 7.42   1.905E-041   1.016E-034   8.851E-029   1.486E-023   6.934E-019   1.126E-014   8.802E-011   2.381E-007   1.652E-004   1.354E-002   9.863E-001
 7.41   2.584E-041   1.341E-034   1.136E-028   1.854E-023   8.403E-019   1.325E-014   1.006E-010   2.645E-007   1.787E-004   1.407E-002   9.857E-001
 7.40   3.510E-041   1.773E-034   1.459E-028   2.313E-023   1.019E-018   1.560E-014   1.150E-010   2.940E-007   1.933E-004   1.463E-002   9.852E-001
 7.39   4.770E-041   2.345E-034   1.875E-028   2.888E-023   1.236E-018   1.837E-014   1.315E-010   3.269E-007   2.092E-004   1.522E-002   9.846E-001
 7.38   6.486E-041   3.104E-034   2.412E-028   3.608E-023   1.501E-018   2.165E-014   1.504E-010   3.636E-007   2.266E-004   1.584E-002   9.839E-001
 7.37   8.828E-041   4.110E-034   3.104E-028   4.511E-023   1.823E-018   2.552E-014   1.722E-010   4.047E-007   2.455E-004   1.649E-002   9.833E-001
 7.36   1.202E-040   5.448E-034   3.996E-028   5.642E-023   2.215E-018   3.010E-014   1.971E-010   4.505E-007   2.662E-004   1.717E-002   9.826E-001
 7.35   1.639E-040   7.226E-034   5.150E-028   7.062E-023   2.693E-018   3.552E-014   2.258E-010   5.018E-007   2.887E-004   1.788E-002   9.818E-001
 7.34   2.236E-040   9.591E-034   6.640E-028   8.844E-023   3.276E-018   4.194E-014   2.588E-010   5.591E-007   3.132E-004   1.863E-002   9.811E-001
 7.33   3.052E-040   1.274E-033   8.568E-028   1.108E-022   3.988E-018   4.955E-014   2.967E-010   6.232E-007   3.400E-004   1.941E-002   9.802E-001
 7.32   4.171E-040   1.694E-033   1.106E-027   1.390E-022   4.858E-018   5.856E-014   3.404E-010   6.949E-007   3.694E-004   2.024E-002   9.794E-001
 7.31   5.703E-040   2.253E-033   1.430E-027   1.744E-022   5.921E-018   6.927E-014   3.907E-010   7.753E-007   4.014E-004   2.110E-002   9.785E-001
 7.30   7.807E-040   3.000E-033   1.849E-027   2.191E-022   7.222E-018   8.198E-014   4.486E-010   8.655E-007   4.366E-004   2.202E-002   9.775E-001
 7.29   1.070E-039   3.999E-033   2.394E-027   2.753E-022   8.816E-018   9.708E-014   5.155E-010   9.668E-007   4.751E-004   2.298E-002   9.765E-001
 7.28   1.467E-039   5.335E-033   3.101E-027   3.463E-022   1.077E-017   1.151E-013   5.926E-010   1.080E-006   5.174E-004   2.400E-002   9.755E-001
 7.27   2.014E-039   7.123E-033   4.021E-027   4.360E-022   1.316E-017   1.364E-013   6.817E-010   1.208E-006   5.639E-004   2.507E-002   9.744E-001
 7.26   2.766E-039   9.518E-033   5.217E-027   5.492E-022   1.610E-017   1.619E-013   7.845E-010   1.352E-006   6.149E-004   2.620E-002   9.732E-001
 7.25   3.804E-039   1.273E-032   6.775E-027   6.925E-022   1.971E-017   1.922E-013   9.035E-010   1.514E-006   6.709E-004   2.740E-002   9.719E-001
 7.24   5.235E-039   1.704E-032   8.805E-027   8.737E-022   2.415E-017   2.284E-013   1.041E-009   1.695E-006   7.325E-004   2.866E-002   9.706E-001
 7.23   7.211E-039   2.283E-032   1.145E-026   1.103E-021   2.960E-017   2.715E-013   1.200E-009   1.900E-006   8.003E-004   2.998E-002   9.692E-001
 7.22   9.942E-039   3.061E-032   1.491E-026   1.394E-021   3.631E-017   3.230E-013   1.384E-009   2.130E-006   8.749E-004   3.139E-002   9.677E-001
 7.21   1.372E-038   4.107E-032   1.942E-026   1.763E-021   4.457E-017   3.844E-013   1.598E-009   2.389E-006   9.571E-004   3.287E-002   9.662E-001
 7.20   1.895E-038   5.518E-032   2.533E-026   2.231E-021   5.475E-017   4.579E-013   1.845E-009   2.682E-006   1.048E-003   3.443E-002   9.645E-001
 7.19   2.621E-038   7.420E-032   3.305E-026   2.825E-021   6.731E-017   5.457E-013   2.131E-009   3.012E-006   1.148E-003   3.609E-002   9.628E-001
 7.18   3.629E-038   9.987E-032   4.318E-026   3.581E-021   8.281E-017   6.508E-013   2.464E-009   3.385E-006   1.258E-003   3.785E-002   9.609E-001
 7.17   5.029E-038   1.346E-031   5.646E-026   4.543E-021   1.020E-016   7.768E-013   2.850E-009   3.806E-006   1.381E-003   3.971E-002   9.589E-001
 7.16   6.978E-038   1.815E-031   7.390E-026   5.769E-021   1.257E-016   9.278E-013   3.298E-009   4.282E-006   1.516E-003   4.168E-002   9.568E-001
 7.15   9.692E-038   2.451E-031   9.682E-026   7.333E-021   1.550E-016   1.109E-012   3.820E-009   4.821E-006   1.666E-003   4.377E-002   9.546E-001
 7.14   1.348E-037   3.313E-031   1.270E-025   9.328E-021   1.913E-016   1.327E-012   4.427E-009   5.431E-006   1.832E-003   4.598E-002   9.522E-001
 7.13   1.876E-037   4.482E-031   1.667E-025   1.188E-020   2.364E-016   1.588E-012   5.134E-009   6.122E-006   2.016E-003   4.834E-002   9.496E-001
 7.12   2.614E-037   6.071E-031   2.190E-025   1.514E-020   2.922E-016   1.903E-012   5.957E-009   6.904E-006   2.220E-003   5.084E-002   9.469E-001
 7.11   3.647E-037   8.231E-031   2.881E-025   1.931E-020   3.616E-016   2.281E-012   6.916E-009   7.791E-006   2.447E-003   5.349E-002   9.441E-001
 7.10   5.093E-037   1.117E-030   3.792E-025   2.465E-020   4.479E-016   2.736E-012   8.034E-009   8.798E-006   2.699E-003   5.630E-002   9.410E-001
 7.09   7.119E-037   1.518E-030   4.997E-025   3.150E-020   5.550E-016   3.284E-012   9.339E-009   9.939E-006   2.979E-003   5.929E-002   9.377E-001
 7.08   9.963E-037   2.064E-030   6.589E-025   4.029E-020   6.884E-016   3.945E-012   1.086E-008   1.123E-005   3.290E-003   6.247E-002   9.342E-001
 7.07   1.396E-036   2.809E-030   8.698E-025   5.156E-020   8.545E-016   4.741E-012   1.264E-008   1.271E-005   3.637E-003   6.585E-002   9.305E-001
 7.06   1.957E-036   3.828E-030   1.149E-024   6.606E-020   1.061E-015   5.702E-012   1.472E-008   1.438E-005   4.024E-003   6.943E-002   9.265E-001
 7.05   2.749E-036   5.222E-030   1.520E-024   8.472E-020   1.320E-015   6.864E-012   1.715E-008   1.628E-005   4.455E-003   7.325E-002   9.223E-001
 7.04   3.864E-036   7.132E-030   2.013E-024   1.087E-019   1.642E-015   8.269E-012   1.999E-008   1.844E-005   4.936E-003   7.730E-002   9.177E-001
 7.03   5.438E-036   9.751E-030   2.668E-024   1.397E-019   2.046E-015   9.969E-012   2.332E-008   2.091E-005   5.473E-003   8.161E-002   9.129E-001
 7.02   7.663E-036   1.335E-029   3.540E-024   1.797E-019   2.550E-015   1.203E-011   2.723E-008   2.372E-005   6.074E-003   8.619E-002   9.077E-001
 7.01   1.081E-035   1.829E-029   4.702E-024   2.314E-019   3.181E-015   1.452E-011   3.180E-008   2.691E-005   6.745E-003   9.106E-002   9.022E-001
 7.00   1.527E-035   2.509E-029   6.252E-024   2.981E-019   3.972E-015   1.755E-011   3.717E-008   3.056E-005   7.497E-003   9.624E-002   8.962E-001
 6.99   2.159E-035   3.445E-029   8.320E-024   3.845E-019   4.964E-015   2.121E-011   4.347E-008   3.472E-005   8.338E-003   1.018E-001   8.899E-001
 6.98   3.055E-035   4.735E-029   1.108E-023   4.962E-019   6.207E-015   2.566E-011   5.086E-008   3.946E-005   9.281E-003   1.076E-001   8.831E-001
 6.97   4.329E-035   6.515E-029   1.477E-023   6.411E-019   7.768E-015   3.106E-011   5.954E-008   4.487E-005   1.034E-002   1.139E-001   8.758E-001
 6.96   6.142E-035   8.975E-029   1.972E-023   8.289E-019   9.729E-015   3.762E-011   6.973E-008   5.105E-005   1.152E-002   1.205E-001   8.679E-001
 6.95   8.722E-035   1.238E-028   2.634E-023   1.073E-018   1.219E-014   4.558E-011   8.170E-008   5.810E-005   1.285E-002   1.275E-001   8.596E-001
 6.94   1.240E-034   1.708E-028   3.522E-023   1.389E-018   1.529E-014   5.527E-011   9.577E-008   6.614E-005   1.434E-002   1.350E-001   8.506E-001
 6.93   1.765E-034   2.360E-028   4.714E-023   1.801E-018   1.919E-014   6.705E-011   1.123E-007   7.531E-005   1.601E-002   1.430E-001   8.410E-001
 6.92   2.515E-034   3.265E-028   6.315E-023   2.336E-018   2.410E-014   8.139E-011   1.318E-007   8.579E-005   1.789E-002   1.514E-001   8.306E-001
 6.91   3.588E-034   4.520E-028   8.468E-023   3.033E-018   3.029E-014   9.885E-011   1.546E-007   9.775E-005   2.000E-002   1.603E-001   8.196E-001
 6.90   5.124E-034   6.265E-028   1.136E-022   3.941E-018   3.808E-014   1.201E-010   1.816E-007   1.114E-004   2.237E-002   1.697E-001   8.078E-001
 6.89   7.323E-034   8.690E-028   1.526E-022   5.125E-018   4.792E-014   1.460E-010   2.132E-007   1.270E-004   2.504E-002   1.797E-001   7.951E-001
 6.88   1.048E-033   1.207E-027   2.052E-022   6.669E-018   6.033E-014   1.776E-010   2.505E-007   1.448E-004   2.803E-002   1.902E-001   7.816E-001
 6.87   1.501E-033   1.677E-027   2.760E-022   8.684E-018   7.600E-014   2.161E-010   2.944E-007   1.652E-004   3.140E-002   2.013E-001   7.672E-001
 6.86   2.150E-033   2.331E-027   3.715E-022   1.131E-017   9.576E-014   2.630E-010   3.460E-007   1.883E-004   3.517E-002   2.129E-001   7.518E-001
 6.85   3.084E-033   3.244E-027   5.002E-022   1.474E-017   1.207E-013   3.201E-010   4.066E-007   2.147E-004   3.941E-002   2.250E-001   7.354E-001
 6.84   4.425E-033   4.516E-027   6.739E-022   1.922E-017   1.522E-013   3.895E-010   4.777E-007   2.446E-004   4.414E-002   2.377E-001   7.180E-001
 6.83   6.353E-033   6.289E-027   9.082E-022   2.506E-017   1.918E-013   4.740E-010   5.610E-007   2.786E-004   4.943E-002   2.508E-001   6.995E-001
 6.82   9.121E-033   8.759E-027   1.224E-021   3.268E-017   2.418E-013   5.765E-010   6.584E-007   3.170E-004   5.534E-002   2.643E-001   6.800E-001
 6.81   1.310E-032   1.220E-026   1.649E-021   4.259E-017   3.046E-013   7.009E-010   7.723E-007   3.604E-004   6.191E-002   2.783E-001   6.594E-001
 6.80   1.880E-032   1.699E-026   2.221E-021   5.549E-017   3.835E-013   8.514E-010   9.049E-007   4.093E-004   6.921E-002   2.925E-001   6.379E-001
 6.79   2.698E-032   2.363E-026   2.989E-021   7.222E-017   4.823E-013   1.033E-009   1.059E-006   4.641E-004   7.726E-002   3.069E-001   6.154E-001
 6.78   3.868E-032   3.286E-026   4.020E-021   9.392E-017   6.059E-013   1.252E-009   1.237E-006   5.254E-004   8.616E-002   3.214E-001   5.919E-001
 6.77   5.544E-032   4.566E-026   5.403E-021   1.220E-016   7.605E-013   1.515E-009   1.444E-006   5.938E-004   9.595E-002   3.359E-001   5.676E-001
 6.76   7.939E-032   6.340E-026   7.254E-021   1.584E-016   9.533E-013   1.831E-009   1.682E-006   6.700E-004   1.067E-001   3.503E-001   5.423E-001
 6.75   1.136E-031   8.795E-026   9.730E-021   2.054E-016   1.194E-012   2.210E-009   1.957E-006   7.545E-004   1.185E-001   3.645E-001   5.163E-001
 6.74   1.624E-031   1.219E-025   1.304E-020   2.659E-016   1.492E-012   2.664E-009   2.272E-006   8.478E-004   1.313E-001   3.782E-001   4.896E-001
 6.73   2.320E-031   1.688E-025   1.745E-020   3.439E-016   1.863E-012   3.204E-009   2.633E-006   9.507E-004   1.452E-001   3.915E-001   4.623E-001
 6.72   3.310E-031   2.333E-025   2.332E-020   4.440E-016   2.321E-012   3.848E-009   3.045E-006   1.063E-003   1.603E-001   4.041E-001   4.345E-001
 6.71   4.715E-031   3.222E-025   3.112E-020   5.723E-016   2.888E-012   4.611E-009   3.513E-006   1.186E-003   1.766E-001   4.157E-001   4.065E-001
 6.70   6.708E-031   4.441E-025   4.145E-020   7.363E-016   3.585E-012   5.513E-009   4.044E-006   1.320E-003   1.940E-001   4.263E-001   3.783E-001
 6.69   9.527E-031   6.112E-025   5.512E-020   9.455E-016   4.441E-012   6.578E-009   4.643E-006   1.464E-003   2.126E-001   4.356E-001   3.503E-001
 6.68   1.351E-030   8.397E-025   7.315E-020   1.212E-015   5.490E-012   7.829E-009   5.316E-006   1.620E-003   2.324E-001   4.435E-001   3.225E-001
 6.67   1.912E-030   1.151E-024   9.690E-020   1.550E-015   6.771E-012   9.296E-009   6.071E-006   1.786E-003   2.533E-001   4.497E-001   2.951E-001
 6.66   2.702E-030   1.576E-024   1.281E-019   1.978E-015   8.332E-012   1.101E-008   6.915E-006   1.964E-003   2.754E-001   4.542E-001   2.684E-001
 6.65   3.811E-030   2.153E-024   1.690E-019   2.518E-015   1.023E-011   1.301E-008   7.855E-006   2.152E-003   2.985E-001   4.568E-001   2.425E-001
 6.64   5.366E-030   2.937E-024   2.226E-019   3.201E-015   1.253E-011   1.534E-008   8.899E-006   2.352E-003   3.227E-001   4.573E-001   2.176E-001
 6.63   7.544E-030   3.998E-024   2.925E-019   4.059E-015   1.532E-011   1.803E-008   1.005E-005   2.562E-003   3.478E-001   4.557E-001   1.939E-001
 6.62   1.059E-029   5.433E-024   3.838E-019   5.136E-015   1.868E-011   2.115E-008   1.133E-005   2.782E-003   3.738E-001   4.520E-001   1.714E-001
 6.61   1.483E-029   7.368E-024   5.024E-019   6.486E-015   2.273E-011   2.475E-008   1.273E-005   3.011E-003   4.006E-001   4.460E-001   1.504E-001
 6.60   2.074E-029   9.976E-024   6.565E-019   8.174E-015   2.759E-011   2.889E-008   1.427E-005   3.249E-003   4.279E-001   4.378E-001   1.310E-001
 6.59   2.895E-029   1.348E-023   8.563E-019   1.028E-014   3.343E-011   3.365E-008   1.594E-005   3.494E-003   4.558E-001   4.275E-001   1.132E-001
 6.58   4.035E-029   1.819E-023   1.115E-018   1.290E-014   4.040E-011   3.909E-008   1.777E-005   3.746E-003   4.840E-001   4.152E-001   9.705E-002
 6.57   5.614E-029   2.450E-023   1.449E-018   1.616E-014   4.874E-011   4.532E-008   1.975E-005   4.004E-003   5.124E-001   4.010E-001   8.256E-002
 6.56   7.800E-029   3.295E-023   1.879E-018   2.021E-014   5.867E-011   5.241E-008   2.190E-005   4.266E-003   5.409E-001   3.851E-001   6.969E-002
 6.55   1.082E-028   4.424E-023   2.434E-018   2.523E-014   7.048E-011   6.048E-008   2.422E-005   4.531E-003   5.693E-001   3.678E-001   5.838E-002
 6.54   1.500E-028   5.932E-023   3.147E-018   3.143E-014   8.450E-011   6.965E-008   2.673E-005   4.799E-003   5.974E-001   3.493E-001   4.856E-002
 6.53   2.075E-028   7.943E-023   4.063E-018   3.909E-014   1.011E-010   8.003E-008   2.942E-005   5.068E-003   6.250E-001   3.298E-001   4.010E-002
 6.52   2.868E-028   1.062E-022   5.237E-018   4.855E-014   1.208E-010   9.179E-008   3.231E-005   5.337E-003   6.521E-001   3.097E-001   3.289E-002
 6.51   3.960E-028   1.419E-022   6.743E-018   6.020E-014   1.441E-010   1.051E-007   3.541E-005   5.604E-003   6.783E-001   2.892E-001   2.680E-002
 6.50   5.462E-028   1.893E-022   8.670E-018   7.454E-014   1.716E-010   1.201E-007   3.872E-005   5.869E-003   7.036E-001   2.688E-001   2.170E-002
 6.49   7.527E-028   2.522E-022   1.114E-017   9.219E-014   2.041E-010   1.370E-007   4.225E-005   6.130E-003   7.278E-001   2.486E-001   1.748E-002
 6.48   1.036E-027   3.359E-022   1.429E-017   1.139E-013   2.423E-010   1.560E-007   4.602E-005   6.386E-003   7.507E-001   2.288E-001   1.400E-002
 6.47   1.426E-027   4.471E-022   1.832E-017   1.406E-013   2.875E-010   1.775E-007   5.004E-005   6.639E-003   7.724E-001   2.098E-001   1.116E-002
 6.46   1.963E-027   5.948E-022   2.348E-017   1.734E-013   3.408E-010   2.018E-007   5.434E-005   6.887E-003   7.927E-001   1.915E-001   8.854E-003
 6.45   2.701E-027   7.914E-022   3.009E-017   2.138E-013   4.038E-010   2.292E-007   5.893E-005   7.131E-003   8.116E-001   1.742E-001   6.998E-003
 6.44   3.719E-027   1.053E-021   3.856E-017   2.637E-013   4.783E-010   2.601E-007   6.385E-005   7.371E-003   8.292E-001   1.579E-001   5.510E-003
 6.43   5.122E-027   1.402E-021   4.943E-017   3.251E-013   5.666E-010   2.952E-007   6.914E-005   7.609E-003   8.454E-001   1.426E-001   4.323E-003
 6.42   7.062E-027   1.868E-021   6.340E-017   4.011E-013   6.712E-010   3.349E-007   7.482E-005   7.845E-003   8.603E-001   1.284E-001   3.382E-003
 6.41   9.747E-027   2.492E-021   8.138E-017   4.951E-013   7.954E-010   3.800E-007   8.095E-005   8.081E-003   8.740E-001   1.152E-001   2.640E-003
 6.40   1.347E-026   3.328E-021   1.046E-016   6.117E-013   9.432E-010   4.314E-007   8.758E-005   8.318E-003   8.863E-001   1.032E-001   2.056E-003
 6.39   1.864E-026   4.450E-021   1.345E-016   7.567E-013   1.120E-009   4.900E-007   9.477E-005   8.557E-003   8.975E-001   9.222E-002   1.598E-003
 6.38   2.585E-026   5.960E-021   1.734E-016   9.371E-013   1.330E-009   5.570E-007   1.026E-004   8.801E-003   9.076E-001   8.223E-002   1.240E-003
 6.37   3.592E-026   7.997E-021   2.238E-016   1.162E-012   1.583E-009   6.338E-007   1.111E-004   9.051E-003   9.167E-001   7.321E-002   9.601E-004
 6.36   5.001E-026   1.075E-020   2.894E-016   1.444E-012   1.886E-009   7.221E-007   1.205E-004   9.309E-003   9.247E-001   6.509E-002   7.425E-004
 6.35   6.979E-026   1.449E-020   3.749E-016   1.798E-012   2.251E-009   8.239E-007   1.307E-004   9.577E-003   9.319E-001   5.780E-002   5.732E-004
 6.34   9.764E-026   1.957E-020   4.869E-016   2.243E-012   2.692E-009   9.415E-007   1.420E-004   9.857E-003   9.383E-001   5.126E-002   4.413E-004
 6.33   1.370E-025   2.651E-020   6.338E-016   2.805E-012   3.226E-009   1.078E-006   1.545E-004   1.015E-002   9.439E-001   4.541E-002   3.388E-004
 6.32   1.928E-025   3.600E-020   8.274E-016   3.517E-012   3.874E-009   1.237E-006   1.683E-004   1.047E-002   9.489E-001   4.018E-002   2.593E-004
 6.31   2.722E-025   4.905E-020   1.083E-015   4.421E-012   4.665E-009   1.422E-006   1.837E-004   1.080E-002   9.533E-001   3.551E-002   1.978E-004
 6.30   3.856E-025   6.706E-020   1.423E-015   5.574E-012   5.633E-009   1.639E-006   2.009E-004   1.116E-002   9.572E-001   3.134E-002   1.503E-004
 6.29   5.484E-025   9.201E-020   1.875E-015   7.051E-012   6.822E-009   1.894E-006   2.202E-004   1.154E-002   9.605E-001   2.759E-002   1.137E-004
 6.28   7.829E-025   1.267E-019   2.480E-015   8.949E-012   8.287E-009   2.194E-006   2.418E-004   1.196E-002   9.635E-001   2.424E-002   8.558E-005
 6.27   1.122E-024   1.752E-019   3.292E-015   1.140E-011   1.010E-008   2.550E-006   2.663E-004   1.241E-002   9.660E-001   2.123E-002   6.408E-005
 6.26   1.615E-024   2.432E-019   4.386E-015   1.457E-011   1.235E-008   2.972E-006   2.939E-004   1.290E-002   9.682E-001   1.855E-002   4.771E-005
 6.25   2.334E-024   3.389E-019   5.868E-015   1.869E-011   1.515E-008   3.475E-006   3.252E-004   1.343E-002   9.700E-001   1.616E-002   3.531E-005
 6.24   3.389E-024   4.742E-019   7.881E-015   2.407E-011   1.865E-008   4.076E-006   3.607E-004   1.401E-002   9.716E-001   1.403E-002   2.597E-005
 6.23   4.941E-024   6.665E-019   1.063E-014   3.112E-011   2.305E-008   4.796E-006   4.013E-004   1.464E-002   9.728E-001   1.214E-002   1.898E-005
 6.22   7.237E-024   9.408E-019   1.439E-014   4.040E-011   2.859E-008   5.661E-006   4.475E-004   1.533E-002   9.737E-001   1.046E-002   1.378E-005
 6.21   1.065E-023   1.334E-018   1.958E-014   5.265E-011   3.559E-008   6.706E-006   5.005E-004   1.608E-002   9.744E-001   8.983E-003   9.936E-006
 6.20   1.575E-023   1.901E-018   2.675E-014   6.890E-011   4.448E-008   7.971E-006   5.614E-004   1.690E-002   9.748E-001   7.684E-003   7.117E-006
 6.19   2.341E-023   2.721E-018   3.671E-014   9.057E-011   5.580E-008   9.507E-006   6.315E-004   1.780E-002   9.750E-001   6.544E-003   5.063E-006
 6.18   3.495E-023   3.913E-018   5.061E-014   1.195E-010   7.028E-008   1.138E-005   7.123E-004   1.878E-002   9.749E-001   5.549E-003   3.577E-006
 6.17   5.244E-023   5.653E-018   7.008E-014   1.584E-010   8.886E-008   1.367E-005   8.058E-004   1.985E-002   9.746E-001   4.684E-003   2.510E-006
 6.16   7.904E-023   8.204E-018   9.744E-014   2.108E-010   1.128E-007   1.647E-005   9.140E-004   2.103E-002   9.741E-001   3.935E-003   1.751E-006
 6.15   1.197E-022   1.196E-017   1.361E-013   2.817E-010   1.437E-007   1.991E-005   1.040E-003   2.232E-002   9.733E-001   3.290E-003   1.214E-006
 6.14   1.819E-022   1.750E-017   1.907E-013   3.777E-010   1.836E-007   2.415E-005   1.186E-003   2.372E-002   9.723E-001   2.737E-003   8.364E-007
 6.13   2.778E-022   2.571E-017   2.684E-013   5.086E-010   2.356E-007   2.939E-005   1.355E-003   2.526E-002   9.711E-001   2.266E-003   5.735E-007
 6.12   4.261E-022   3.794E-017   3.793E-013   6.874E-010   3.033E-007   3.587E-005   1.554E-003   2.694E-002   9.696E-001   1.867E-003   3.914E-007
 6.11   6.565E-022   5.624E-017   5.384E-013   9.329E-010   3.921E-007   4.394E-005   1.785E-003   2.878E-002   9.679E-001   1.532E-003   2.663E-007
 6.10   1.017E-021   8.375E-017   7.675E-013   1.271E-009   5.086E-007   5.398E-005   2.057E-003   3.079E-002   9.658E-001   1.251E-003   1.808E-007
 6.09   1.582E-021   1.253E-016   1.099E-012   1.740E-009   6.624E-007   6.655E-005   2.376E-003   3.300E-002   9.635E-001   1.018E-003   1.225E-007
 6.08   2.473E-021   1.884E-016   1.580E-012   2.390E-009   8.659E-007   8.230E-005   2.751E-003   3.541E-002   9.609E-001   8.245E-004   8.297E-008
 6.07   3.885E-021   2.844E-016   2.283E-012   3.298E-009   1.136E-006   1.021E-004   3.192E-003   3.804E-002   9.580E-001   6.655E-004   5.621E-008
 6.06   6.130E-021   4.314E-016   3.311E-012   4.567E-009   1.496E-006   1.270E-004   3.713E-003   4.091E-002   9.547E-001   5.355E-004   3.814E-008
 6.05   9.715E-021   6.570E-016   4.821E-012   6.349E-009   1.975E-006   1.584E-004   4.327E-003   4.404E-002   9.510E-001   4.299E-004   2.595E-008
 6.04   1.546E-020   1.005E-015   7.047E-012   8.857E-009   2.617E-006   1.982E-004   5.051E-003   4.745E-002   9.470E-001   3.442E-004   1.771E-008
 6.03   2.470E-020   1.542E-015   1.034E-011   1.240E-008   3.478E-006   2.485E-004   5.906E-003   5.115E-002   9.424E-001   2.751E-004   1.213E-008
 6.02   3.963E-020   2.376E-015   1.522E-011   1.741E-008   4.636E-006   3.123E-004   6.917E-003   5.517E-002   9.374E-001   2.196E-004   8.340E-009
 6.01   6.381E-020   3.675E-015   2.249E-011   2.454E-008   6.197E-006   3.934E-004   8.111E-003   5.953E-002   9.318E-001   1.752E-004   5.761E-009
 6.00   1.031E-019   5.704E-015   3.334E-011   3.468E-008   8.305E-006   4.966E-004   9.523E-003   6.424E-002   9.256E-001   1.397E-004   3.998E-009
 5.99   1.673E-019   8.884E-015   4.959E-011   4.915E-008   1.116E-005   6.279E-004   1.119E-002   6.932E-002   9.187E-001   1.115E-004   2.787E-009
 5.98   2.724E-019   1.388E-014   7.397E-011   6.986E-008   1.503E-005   7.953E-004   1.316E-002   7.479E-002   9.111E-001   8.892E-005   1.951E-009
 5.97   4.448E-019   2.176E-014   1.107E-010   9.956E-008   2.028E-005   1.009E-003   1.548E-002   8.066E-002   9.028E-001   7.097E-005   1.371E-009
 5.96   7.288E-019   3.421E-014   1.660E-010   1.422E-007   2.742E-005   1.281E-003   1.823E-002   8.694E-002   8.935E-001   5.668E-005   9.668E-010
 5.95   1.198E-018   5.394E-014   2.497E-010   2.036E-007   3.714E-005   1.629E-003   2.146E-002   9.363E-002   8.832E-001   4.531E-005   6.842E-010
 5.94   1.973E-018   8.525E-014   3.764E-010   2.921E-007   5.039E-005   2.073E-003   2.525E-002   1.007E-001   8.719E-001   3.626E-005   4.856E-010
 5.93   3.258E-018   1.350E-013   5.686E-010   4.198E-007   6.843E-005   2.639E-003   2.971E-002   1.082E-001   8.594E-001   2.904E-005   3.457E-010
 5.92   5.391E-018   2.143E-013   8.603E-010   6.041E-007   9.302E-005   3.361E-003   3.492E-002   1.160E-001   8.456E-001   2.328E-005   2.466E-010
 5.91   8.938E-018   3.407E-013   1.304E-009   8.703E-007   1.265E-004   4.278E-003   4.100E-002   1.241E-001   8.305E-001   1.868E-005   1.764E-010
 5.90   1.484E-017   5.424E-013   1.977E-009   1.255E-006   1.721E-004   5.443E-003   4.806E-002   1.324E-001   8.139E-001   1.500E-005   1.265E-010
 5.89   2.465E-017   8.640E-013   3.001E-009   1.809E-006   2.340E-004   6.917E-003   5.621E-002   1.409E-001   7.958E-001   1.207E-005   9.087E-011
 5.88   4.098E-017   1.377E-012   4.554E-009   2.607E-006   3.180E-004   8.775E-003   6.557E-002   1.492E-001   7.761E-001   9.718E-006   6.544E-011
 5.87   6.811E-017   2.194E-012   6.907E-009   3.755E-006   4.314E-004   1.111E-002   7.624E-002   1.574E-001   7.548E-001   7.836E-006   4.725E-011
 5.86   1.131E-016   3.492E-012   1.047E-008   5.400E-006   5.842E-004   1.402E-002   8.829E-002   1.652E-001   7.319E-001   6.329E-006   3.421E-011
 5.85   1.877E-016   5.553E-012   1.584E-008   7.751E-006   7.890E-004   1.763E-002   1.018E-001   1.724E-001   7.074E-001   5.121E-006   2.484E-011
 5.84   3.109E-016   8.811E-012   2.391E-008   1.110E-005   1.062E-003   2.208E-002   1.167E-001   1.787E-001   6.814E-001   4.153E-006   1.810E-011
 5.83   5.137E-016   1.394E-011   3.599E-008   1.583E-005   1.424E-003   2.752E-002   1.330E-001   1.840E-001   6.541E-001   3.375E-006   1.324E-011
 5.82   8.461E-016   2.200E-011   5.398E-008   2.250E-005   1.900E-003   3.410E-002   1.505E-001   1.880E-001   6.255E-001   2.751E-006   9.727E-012
 5.81   1.388E-015   3.456E-011   8.062E-008   3.183E-005   2.522E-003   4.199E-002   1.691E-001   1.904E-001   5.960E-001   2.248E-006   7.178E-012
 5.80   2.267E-015   5.405E-011   1.198E-007   4.479E-005   3.327E-003   5.135E-002   1.884E-001   1.911E-001   5.658E-001   1.843E-006   5.323E-012
 5.79   3.683E-015   8.408E-011   1.771E-007   6.265E-005   4.362E-003   6.235E-002   2.081E-001   1.900E-001   5.351E-001   1.515E-006   3.967E-012
 5.78   5.951E-015   1.301E-010   2.603E-007   8.711E-005   5.679E-003   7.510E-002   2.278E-001   1.871E-001   5.043E-001   1.250E-006   2.972E-012
 5.77   9.562E-015   2.001E-010   3.802E-007   1.203E-004   7.340E-003   8.972E-002   2.470E-001   1.823E-001   4.736E-001   1.035E-006   2.238E-012
 5.76   1.528E-014   3.059E-010   5.519E-007   1.651E-004   9.418E-003   1.063E-001   2.651E-001   1.757E-001   4.433E-001   8.599E-007   1.694E-012
 5.75   2.426E-014   4.650E-010   7.963E-007   2.250E-004   1.199E-002   1.248E-001   2.817E-001   1.676E-001   4.136E-001   7.164E-007   1.289E-012
 5.74   3.831E-014   7.025E-010   1.141E-006   3.046E-004   1.515E-002   1.453E-001   2.962E-001   1.582E-001   3.849E-001   5.987E-007   9.849E-013
 5.73   6.014E-014   1.055E-009   1.626E-006   4.095E-004   1.900E-002   1.677E-001   3.081E-001   1.476E-001   3.571E-001   5.018E-007   7.560E-013
 5.72   9.387E-014   1.575E-009   2.302E-006   5.468E-004   2.364E-002   1.918E-001   3.171E-001   1.363E-001   3.306E-001   4.216E-007   5.826E-013
 5.71   1.456E-013   2.338E-009   3.238E-006   7.252E-004   2.918E-002   2.174E-001   3.228E-001   1.245E-001   3.054E-001   3.550E-007   4.507E-013
 5.70   2.246E-013   3.448E-009   4.526E-006   9.552E-004   3.575E-002   2.441E-001   3.251E-001   1.126E-001   2.815E-001   2.996E-007   3.497E-013
 5.69   3.443E-013   5.054E-009   6.285E-006   1.249E-003   4.345E-002   2.717E-001   3.238E-001   1.008E-001   2.590E-001   2.532E-007   2.721E-013
 5.68   5.247E-013   7.363E-009   8.673E-006   1.623E-003   5.241E-002   2.996E-001   3.190E-001   8.937E-002   2.380E-001   2.144E-007   2.123E-013
 5.67   7.950E-013   1.067E-008   1.190E-005   2.094E-003   6.273E-002   3.274E-001   3.108E-001   7.853E-002   2.184E-001   1.818E-007   1.660E-013
 5.66   1.198E-012   1.536E-008   1.622E-005   2.684E-003   7.452E-002   3.546E-001   2.996E-001   6.843E-002   2.002E-001   1.543E-007   1.301E-013
 5.65   1.796E-012   2.201E-008   2.198E-005   3.418E-003   8.787E-002   3.805E-001   2.856E-001   5.918E-002   1.834E-001   1.311E-007   1.021E-013
 5.64   2.677E-012   3.135E-008   2.962E-005   4.324E-003   1.028E-001   4.047E-001   2.694E-001   5.086E-002   1.678E-001   1.116E-007   8.031E-014
 5.63   3.970E-012   4.442E-008   3.968E-005   5.436E-003   1.195E-001   4.266E-001   2.514E-001   4.347E-002   1.535E-001   9.505E-008   6.329E-014
 5.62   5.860E-012   6.262E-008   5.288E-005   6.793E-003   1.378E-001   4.457E-001   2.322E-001   3.701E-002   1.405E-001   8.108E-008   4.998E-014
 5.61   8.605E-012   8.784E-008   7.009E-005   8.436E-003   1.578E-001   4.615E-001   2.122E-001   3.143E-002   1.285E-001   6.927E-008   3.957E-014
 5.60   1.258E-011   1.226E-007   9.239E-005   1.041E-002   1.795E-001   4.737E-001   1.920E-001   2.668E-002   1.176E-001   5.929E-008   3.142E-014
 5.59   1.829E-011   1.703E-007   1.212E-004   1.278E-002   2.027E-001   4.819E-001   1.720E-001   2.267E-002   1.078E-001   5.086E-008   2.504E-014
 5.58   2.648E-011   2.354E-007   1.581E-004   1.559E-002   2.273E-001   4.861E-001   1.527E-001   1.932E-002   9.881E-002   4.374E-008   2.003E-014
 5.57   3.816E-011   3.239E-007   2.053E-004   1.892E-002   2.531E-001   4.862E-001   1.343E-001   1.654E-002   9.073E-002   3.773E-008   1.609E-014
 5.56   5.474E-011   4.436E-007   2.652E-004   2.282E-002   2.799E-001   4.821E-001   1.172E-001   1.424E-002   8.344E-002   3.265E-008   1.300E-014
 5.55   7.821E-011   6.050E-007   3.410E-004   2.737E-002   3.075E-001   4.742E-001   1.013E-001   1.235E-002   7.689E-002   2.836E-008   1.056E-014
 5.54   1.112E-010   8.213E-007   4.363E-004   3.265E-002   3.354E-001   4.627E-001   8.697E-002   1.079E-002   7.100E-002   2.474E-008   8.626E-015
 5.53   1.575E-010   1.110E-006   5.556E-004   3.873E-002   3.634E-001   4.480E-001   7.411E-002   9.516E-003   6.571E-002   2.167E-008   7.095E-015
 5.52   2.222E-010   1.494E-006   7.044E-004   4.569E-002   3.910E-001   4.304E-001   6.274E-002   8.464E-003   6.097E-002   1.906E-008   5.875E-015
 5.51   3.121E-010   2.002E-006   8.889E-004   5.361E-002   4.180E-001   4.104E-001   5.280E-002   7.594E-003   5.672E-002   1.685E-008   4.899E-015
 5.50   4.365E-010   2.672E-006   1.117E-003   6.257E-002   4.438E-001   3.886E-001   4.420E-002   6.870E-003   5.289E-002   1.496E-008   4.114E-015
 5.49   6.078E-010   3.550E-006   1.396E-003   7.264E-002   4.681E-001   3.653E-001   3.683E-002   6.264E-003   4.946E-002   1.335E-008   3.478E-015
 5.48   8.427E-010   4.696E-006   1.737E-003   8.387E-002   4.906E-001   3.411E-001   3.058E-002   5.751E-003   4.636E-002   1.197E-008   2.961E-015
 5.47   1.164E-009   6.187E-006   2.151E-003   9.634E-002   5.108E-001   3.165E-001   2.531E-002   5.315E-003   4.357E-002   1.077E-008   2.537E-015
 5.46   1.600E-009   8.117E-006   2.653E-003   1.101E-001   5.286E-001   2.918E-001   2.092E-002   4.940E-003   4.104E-002   9.735E-009   2.188E-015
 5.45   2.191E-009   1.061E-005   3.257E-003   1.251E-001   5.437E-001   2.673E-001   1.728E-002   4.615E-003   3.874E-002   8.835E-009   1.898E-015
 5.44   2.989E-009   1.381E-005   3.981E-003   1.414E-001   5.558E-001   2.435E-001   1.428E-002   4.329E-003   3.666E-002   8.048E-009   1.655E-015
 5.43   4.064E-009   1.790E-005   4.845E-003   1.591E-001   5.649E-001   2.205E-001   1.182E-002   4.077E-003   3.475E-002   7.358E-009   1.451E-015
 5.42   5.503E-009   2.313E-005   5.871E-003   1.780E-001   5.709E-001   1.986E-001   9.810E-003   3.853E-003   3.301E-002   6.749E-009   1.279E-015
 5.41   7.423E-009   2.976E-005   7.084E-003   1.981E-001   5.736E-001   1.779E-001   8.186E-003   3.651E-003   3.141E-002   6.209E-009   1.132E-015
 5.40   9.975E-009   3.815E-005   8.511E-003   2.194E-001   5.732E-001   1.586E-001   6.875E-003   3.469E-003   2.993E-002   5.729E-009   1.007E-015
 5.39   1.335E-008   4.870E-005   1.018E-002   2.416E-001   5.698E-001   1.407E-001   5.822E-003   3.304E-003   2.857E-002   5.300E-009   8.986E-016
 5.38   1.781E-008   6.196E-005   1.213E-002   2.647E-001   5.634E-001   1.243E-001   4.977E-003   3.153E-003   2.731E-002   4.915E-009   8.050E-016
 5.37   2.366E-008   7.853E-005   1.438E-002   2.884E-001   5.543E-001   1.094E-001   4.302E-003   3.014E-003   2.614E-002   4.568E-009   7.236E-016
 5.36   3.131E-008   9.913E-005   1.699E-002   3.127E-001   5.427E-001   9.587E-002   3.763E-003   2.886E-003   2.504E-002   4.255E-009   6.524E-016
 5.35   4.128E-008   1.247E-004   1.998E-002   3.372E-001   5.288E-001   8.372E-002   3.333E-003   2.767E-003   2.402E-002   3.970E-009   5.899E-016
 5.34   5.422E-008   1.562E-004   2.340E-002   3.619E-001   5.130E-001   7.287E-002   2.990E-003   2.657E-003   2.306E-002   3.711E-009   5.347E-016
 5.33   7.094E-008   1.950E-004   2.729E-002   3.864E-001   4.954E-001   6.323E-002   2.715E-003   2.554E-003   2.216E-002   3.475E-009   4.859E-016
 5.32   9.247E-008   2.425E-004   3.171E-002   4.106E-001   4.765E-001   5.471E-002   2.494E-003   2.458E-003   2.132E-002   3.258E-009   4.424E-016
 5.31   1.201E-007   3.005E-004   3.669E-002   4.341E-001   4.565E-001   4.723E-002   2.315E-003   2.368E-003   2.052E-002   3.058E-009   4.037E-016
 5.30   1.554E-007   3.711E-004   4.230E-002   4.569E-001   4.356E-001   4.067E-002   2.170E-003   2.284E-003   1.976E-002   2.874E-009   3.690E-016
 5.29   2.005E-007   4.567E-004   4.859E-002   4.786E-001   4.141E-001   3.496E-002   2.050E-003   2.204E-003   1.904E-002   2.704E-009   3.378E-016
 5.28   2.577E-007   5.601E-004   5.561E-002   4.991E-001   3.923E-001   3.001E-002   1.950E-003   2.129E-003   1.836E-002   2.547E-009   3.096E-016
 5.27   3.301E-007   6.848E-004   6.341E-002   5.181E-001   3.704E-001   2.573E-002   1.866E-003   2.059E-003   1.771E-002   2.400E-009   2.842E-016
 5.26   4.216E-007   8.344E-004   7.205E-002   5.355E-001   3.487E-001   2.205E-002   1.794E-003   1.991E-003   1.709E-002   2.264E-009   2.611E-016
 5.25   5.365E-007   1.014E-003   8.157E-002   5.512E-001   3.272E-001   1.890E-002   1.731E-003   1.928E-003   1.649E-002   2.137E-009   2.402E-016
 5.24   6.803E-007   1.227E-003   9.199E-002   5.650E-001   3.061E-001   1.621E-002   1.676E-003   1.867E-003   1.592E-002   2.017E-009   2.211E-016
 5.23   8.595E-007   1.480E-003   1.034E-001   5.768E-001   2.856E-001   1.392E-002   1.627E-003   1.810E-003   1.538E-002   1.906E-009   2.036E-016
 5.22   1.082E-006   1.779E-003   1.157E-001   5.865E-001   2.659E-001   1.198E-002   1.582E-003   1.755E-003   1.485E-002   1.801E-009   1.876E-016
 5.21   1.357E-006   2.130E-003   1.290E-001   5.940E-001   2.468E-001   1.034E-002   1.542E-003   1.702E-003   1.435E-002   1.702E-009   1.729E-016
 5.20   1.697E-006   2.543E-003   1.434E-001   5.994E-001   2.287E-001   8.962E-003   1.504E-003   1.652E-003   1.386E-002   1.608E-009   1.595E-016
 5.19   2.113E-006   3.025E-003   1.587E-001   6.026E-001   2.114E-001   7.803E-003   1.469E-003   1.604E-003   1.338E-002   1.520E-009   1.470E-016
 5.18   2.623E-006   3.587E-003   1.749E-001   6.037E-001   1.950E-001   6.832E-003   1.436E-003   1.558E-003   1.293E-002   1.437E-009   1.356E-016
 5.17   3.244E-006   4.238E-003   1.921E-001   6.026E-001   1.796E-001   6.019E-003   1.405E-003   1.513E-003   1.248E-002   1.358E-009   1.250E-016
 5.16   3.997E-006   4.990E-003   2.102E-001   5.995E-001   1.651E-001   5.341E-003   1.375E-003   1.471E-003   1.205E-002   1.283E-009   1.152E-016
 5.15   4.906E-006   5.854E-003   2.291E-001   5.944E-001   1.515E-001   4.775E-003   1.346E-003   1.429E-003   1.163E-002   1.212E-009   1.062E-016
 5.14   5.998E-006   6.844E-003   2.487E-001   5.874E-001   1.388E-001   4.303E-003   1.319E-003   1.389E-003   1.123E-002   1.144E-009   9.776E-017
 5.13   7.306E-006   7.973E-003   2.690E-001   5.786E-001   1.271E-001   3.909E-003   1.292E-003   1.351E-003   1.083E-002   1.080E-009   8.997E-017
 5.12   8.865E-006   9.255E-003   2.897E-001   5.682E-001   1.162E-001   3.581E-003   1.266E-003   1.314E-003   1.044E-002   1.018E-009   8.273E-017
 5.11   1.072E-005   1.071E-002   3.109E-001   5.563E-001   1.062E-001   3.307E-003   1.240E-003   1.277E-003   1.007E-002   9.599E-010   7.602E-017
 5.10   1.291E-005   1.234E-002   3.324E-001   5.431E-001   9.693E-002   3.078E-003   1.216E-003   1.242E-003   9.697E-003   9.042E-010   6.979E-017
 5.09   1.549E-005   1.418E-002   3.541E-001   5.286E-001   8.846E-002   2.886E-003   1.191E-003   1.208E-003   9.337E-003   8.510E-010   6.399E-017
 5.08   1.852E-005   1.623E-002   3.758E-001   5.132E-001   8.072E-002   2.724E-003   1.167E-003   1.175E-003   8.985E-003   8.003E-010   5.862E-017
 5.07   2.207E-005   1.852E-002   3.974E-001   4.969E-001   7.365E-002   2.588E-003   1.144E-003   1.142E-003   8.642E-003   7.519E-010   5.363E-017
 5.06   2.620E-005   2.106E-002   4.188E-001   4.799E-001   6.721E-002   2.472E-003   1.120E-003   1.111E-003   8.306E-003   7.058E-010   4.900E-017
 5.05   3.098E-005   2.386E-002   4.398E-001   4.624E-001   6.137E-002   2.373E-003   1.097E-003   1.080E-003   7.978E-003   6.619E-010   4.472E-017
 5.04   3.649E-005   2.693E-002   4.603E-001   4.446E-001   5.607E-002   2.288E-003   1.075E-003   1.050E-003   7.657E-003   6.201E-010   4.075E-017
 5.03   4.282E-005   3.029E-002   4.803E-001   4.265E-001   5.128E-002   2.214E-003   1.052E-003   1.020E-003   7.344E-003   5.803E-010   3.707E-017
 5.02   5.004E-005   3.394E-002   4.995E-001   4.084E-001   4.695E-002   2.149E-003   1.029E-003   9.918E-004   7.039E-003   5.425E-010   3.369E-017
 5.01   5.825E-005   3.788E-002   5.179E-001   3.903E-001   4.304E-002   2.092E-003   1.007E-003   9.637E-004   6.741E-003   5.066E-010   3.056E-017
 5.00   6.751E-005   4.211E-002   5.355E-001   3.724E-001   3.952E-002   2.042E-003   9.844E-004   9.363E-004   6.452E-003   4.725E-010   2.768E-017
 4.99   7.793E-005   4.664E-002   5.521E-001   3.548E-001   3.634E-002   1.996E-003   9.620E-004   9.095E-004   6.170E-003   4.402E-010   2.504E-017
 4.98   8.958E-005   5.145E-002   5.677E-001   3.376E-001   3.349E-002   1.954E-003   9.398E-004   8.834E-004   5.895E-003   4.097E-010   2.261E-017
 4.97   1.025E-004   5.653E-002   5.822E-001   3.209E-001   3.092E-002   1.915E-003   9.176E-004   8.578E-004   5.629E-003   3.809E-010   2.039E-017
 4.96   1.169E-004   6.188E-002   5.957E-001   3.047E-001   2.861E-002   1.879E-003   8.954E-004   8.328E-004   5.371E-003   3.538E-010   1.836E-017
 4.95   1.326E-004   6.745E-002   6.081E-001   2.892E-001   2.653E-002   1.845E-003   8.733E-004   8.085E-004   5.121E-003   3.282E-010   1.651E-017
 4.94   1.498E-004   7.325E-002   6.193E-001   2.743E-001   2.466E-002   1.812E-003   8.513E-004   7.847E-004   4.879E-003   3.041E-010   1.483E-017
 4.93   1.686E-004   7.923E-002   6.295E-001   2.601E-001   2.298E-002   1.781E-003   8.293E-004   7.615E-004   4.645E-003   2.816E-010   1.329E-017
 4.92   1.889E-004   8.538E-002   6.387E-001   2.466E-001   2.146E-002   1.750E-003   8.074E-004   7.389E-004   4.420E-003   2.604E-010   1.191E-017
 4.91   2.108E-004   9.165E-002   6.469E-001   2.338E-001   2.009E-002   1.721E-003   7.856E-004   7.169E-004   4.202E-003   2.406E-010   1.065E-017
 4.90   2.343E-004   9.802E-002   6.540E-001   2.217E-001   1.885E-002   1.691E-003   7.639E-004   6.955E-004   3.993E-003   2.221E-010   9.511E-018
 4.89   2.593E-004   1.044E-001   6.603E-001   2.104E-001   1.773E-002   1.662E-003   7.423E-004   6.746E-004   3.791E-003   2.048E-010   8.485E-018
 4.88   2.859E-004   1.109E-001   6.657E-001   1.998E-001   1.672E-002   1.634E-003   7.208E-004   6.543E-004   3.598E-003   1.887E-010   7.560E-018
 4.87   3.140E-004   1.174E-001   6.703E-001   1.898E-001   1.580E-002   1.605E-003   6.994E-004   6.345E-004   3.412E-003   1.738E-010   6.729E-018
 4.86   3.437E-004   1.238E-001   6.743E-001   1.805E-001   1.496E-002   1.576E-003   6.782E-004   6.152E-004   3.233E-003   1.598E-010   5.981E-018
 4.85   3.748E-004   1.302E-001   6.775E-001   1.719E-001   1.420E-002   1.547E-003   6.571E-004   5.964E-004   3.062E-003   1.469E-010   5.311E-018
 4.84   4.075E-004   1.365E-001   6.802E-001   1.638E-001   1.350E-002   1.518E-003   6.362E-004   5.782E-004   2.899E-003   1.348E-010   4.710E-018
 4.83   4.415E-004   1.427E-001   6.823E-001   1.563E-001   1.286E-002   1.489E-003   6.154E-004   5.604E-004   2.742E-003   1.237E-010   4.172E-018
 4.82   4.770E-004   1.488E-001   6.840E-001   1.493E-001   1.228E-002   1.459E-003   5.948E-004   5.430E-004   2.592E-003   1.134E-010   3.692E-018
 4.81   5.137E-004   1.547E-001   6.852E-001   1.428E-001   1.174E-002   1.429E-003   5.744E-004   5.261E-004   2.449E-003   1.038E-010   3.262E-018
 4.80   5.517E-004   1.605E-001   6.861E-001   1.368E-001   1.124E-002   1.398E-003   5.542E-004   5.096E-004   2.312E-003   9.496E-011   2.880E-018
 4.79   5.910E-004   1.661E-001   6.867E-001   1.312E-001   1.078E-002   1.367E-003   5.342E-004   4.935E-004   2.181E-003   8.679E-011   2.539E-018
 4.78   6.314E-004   1.716E-001   6.871E-001   1.260E-001   1.035E-002   1.336E-003   5.144E-004   4.778E-004   2.056E-003   7.925E-011   2.235E-018
 4.77   6.729E-004   1.768E-001   6.872E-001   1.211E-001   9.949E-003   1.304E-003   4.949E-004   4.624E-004   1.938E-003   7.229E-011   1.966E-018
 4.76   7.155E-004   1.819E-001   6.872E-001   1.166E-001   9.575E-003   1.272E-003   4.757E-004   4.474E-004   1.824E-003   6.588E-011   1.726E-018
 4.75   7.592E-004   1.868E-001   6.870E-001   1.124E-001   9.225E-003   1.239E-003   4.567E-004   4.327E-004   1.716E-003   5.998E-011   1.514E-018
 4.74   8.040E-004   1.915E-001   6.867E-001   1.085E-001   8.896E-003   1.206E-003   4.380E-004   4.183E-004   1.614E-003   5.455E-011   1.326E-018
 4.73   8.500E-004   1.960E-001   6.863E-001   1.048E-001   8.585E-003   1.173E-003   4.196E-004   4.042E-004   1.516E-003   4.957E-011   1.160E-018
 4.72   8.971E-004   2.004E-001   6.858E-001   1.013E-001   8.290E-003   1.139E-003   4.016E-004   3.904E-004   1.423E-003   4.499E-011   1.013E-018
 4.71   9.455E-004   2.045E-001   6.853E-001   9.805E-002   8.011E-003   1.105E-003   3.839E-004   3.768E-004   1.335E-003   4.079E-011   8.839E-019
 4.70   9.950E-004   2.085E-001   6.847E-001   9.499E-002   7.744E-003   1.071E-003   3.666E-004   3.635E-004   1.251E-003   3.695E-011   7.700E-019
 4.69   1.046E-003   2.123E-001   6.842E-001   9.211E-002   7.490E-003   1.037E-003   3.497E-004   3.505E-004   1.172E-003   3.343E-011   6.700E-019
 4.68   1.098E-003   2.159E-001   6.836E-001   8.938E-002   7.246E-003   1.002E-003   3.332E-004   3.377E-004   1.097E-003   3.022E-011   5.821E-019
 4.67   1.151E-003   2.194E-001   6.830E-001   8.680E-002   7.013E-003   9.678E-004   3.172E-004   3.252E-004   1.026E-003   2.729E-011   5.052E-019
 4.66   1.205E-003   2.227E-001   6.824E-001   8.435E-002   6.787E-003   9.334E-004   3.016E-004   3.130E-004   9.595E-004   2.462E-011   4.379E-019
 4.65   1.260E-003   2.259E-001   6.819E-001   8.202E-002   6.570E-003   8.992E-004   2.865E-004   3.010E-004   8.963E-004   2.220E-011   3.792E-019
 4.64   1.317E-003   2.289E-001   6.813E-001   7.980E-002   6.361E-003   8.652E-004   2.719E-004   2.893E-004   8.368E-004   2.000E-011   3.279E-019
 4.63   1.375E-003   2.319E-001   6.808E-001   7.768E-002   6.157E-003   8.315E-004   2.578E-004   2.778E-004   7.808E-004   1.800E-011   2.834E-019
 4.62   1.434E-003   2.347E-001   6.802E-001   7.565E-002   5.961E-003   7.983E-004   2.442E-004   2.666E-004   7.281E-004   1.619E-011   2.446E-019
 4.61   1.494E-003   2.374E-001   6.797E-001   7.370E-002   5.769E-003   7.655E-004   2.312E-004   2.557E-004   6.787E-004   1.455E-011   2.110E-019
 4.60   1.555E-003   2.400E-001   6.792E-001   7.183E-002   5.584E-003   7.334E-004   2.186E-004   2.451E-004   6.323E-004   1.307E-011   1.819E-019
 4.59   1.618E-003   2.426E-001   6.786E-001   7.003E-002   5.403E-003   7.018E-004   2.066E-004   2.347E-004   5.889E-004   1.173E-011   1.567E-019
 4.58   1.682E-003   2.450E-001   6.781E-001   6.830E-002   5.228E-003   6.710E-004   1.952E-004   2.247E-004   5.482E-004   1.053E-011   1.349E-019
 4.57   1.747E-003   2.474E-001   6.776E-001   6.662E-002   5.057E-003   6.409E-004   1.842E-004   2.149E-004   5.102E-004   9.446E-012   1.161E-019
 4.56   1.813E-003   2.497E-001   6.771E-001   6.500E-002   4.891E-003   6.116E-004   1.738E-004   2.054E-004   4.747E-004   8.470E-012   9.983E-020
 4.55   1.880E-003   2.520E-001   6.766E-001   6.343E-002   4.728E-003   5.832E-004   1.639E-004   1.963E-004   4.415E-004   7.593E-012   8.584E-020
 4.54   1.949E-003   2.542E-001   6.760E-001   6.191E-002   4.570E-003   5.556E-004   1.544E-004   1.874E-004   4.105E-004   6.804E-012   7.379E-020
 4.53   2.018E-003   2.564E-001   6.755E-001   6.043E-002   4.417E-003   5.289E-004   1.455E-004   1.788E-004   3.816E-004   6.096E-012   6.341E-020
 4.52   2.089E-003   2.586E-001   6.749E-001   5.898E-002   4.266E-003   5.031E-004   1.370E-004   1.704E-004   3.547E-004   5.460E-012   5.447E-020
 4.51   2.161E-003   2.607E-001   6.743E-001   5.758E-002   4.120E-003   4.782E-004   1.289E-004   1.624E-004   3.295E-004   4.888E-012   4.677E-020
 4.50   2.235E-003   2.628E-001   6.737E-001   5.620E-002   3.977E-003   4.541E-004   1.212E-004   1.546E-004   3.060E-004   4.374E-012   4.014E-020
 4.49   2.310E-003   2.649E-001   6.731E-001   5.485E-002   3.837E-003   4.309E-004   1.140E-004   1.471E-004   2.841E-004   3.913E-012   3.442E-020
 4.48   2.386E-003   2.670E-001   6.725E-001   5.353E-002   3.701E-003   4.086E-004   1.070E-004   1.398E-004   2.636E-004   3.498E-012   2.950E-020
 4.47   2.464E-003   2.691E-001   6.718E-001   5.223E-002   3.567E-003   3.870E-004   1.005E-004   1.328E-004   2.445E-004   3.124E-012   2.526E-020
 4.46   2.543E-003   2.712E-001   6.711E-001   5.095E-002   3.437E-003   3.662E-004   9.427E-005   1.260E-004   2.266E-004   2.788E-012   2.161E-020
 4.45   2.624E-003   2.733E-001   6.703E-001   4.969E-002   3.309E-003   3.461E-004   8.834E-005   1.195E-004   2.099E-004   2.486E-012   1.845E-020
 4.44   2.708E-003   2.754E-001   6.696E-001   4.844E-002   3.183E-003   3.268E-004   8.271E-005   1.131E-004   1.942E-004   2.213E-012   1.573E-020
 4.43   2.793E-003   2.775E-001   6.687E-001   4.721E-002   3.060E-003   3.081E-004   7.734E-005   1.070E-004   1.794E-004   1.967E-012   1.339E-020
 4.42   2.881E-003   2.797E-001   6.679E-001   4.598E-002   2.939E-003   2.901E-004   7.222E-005   1.010E-004   1.656E-004   1.746E-012   1.136E-020
 4.41   2.972E-003   2.819E-001   6.670E-001   4.477E-002   2.820E-003   2.727E-004   6.734E-005   9.525E-005   1.527E-004   1.546E-012   9.621E-021
 4.40   3.065E-003   2.841E-001   6.660E-001   4.355E-002   2.702E-003   2.559E-004   6.268E-005   8.966E-005   1.405E-004   1.366E-012   8.119E-021
 4.39   3.162E-003   2.864E-001   6.650E-001   4.234E-002   2.586E-003   2.396E-004   5.822E-005   8.423E-005   1.290E-004   1.203E-012   6.826E-021
 4.38   3.263E-003   2.887E-001   6.639E-001   4.113E-002   2.472E-003   2.239E-004   5.397E-005   7.897E-005   1.182E-004   1.057E-012   5.716E-021
 4.37   3.368E-003   2.911E-001   6.628E-001   3.992E-002   2.359E-003   2.087E-004   4.989E-005   7.387E-005   1.081E-004   9.249E-013   4.764E-021
 4.36   3.477E-003   2.936E-001   6.616E-001   3.870E-002   2.247E-003   1.940E-004   4.600E-005   6.892E-005   9.854E-005   8.063E-013   3.949E-021
 4.35   3.592E-003   2.961E-001   6.603E-001   3.748E-002   2.136E-003   1.798E-004   4.228E-005   6.412E-005   8.956E-005   6.998E-013   3.254E-021
 4.34   3.712E-003   2.987E-001   6.589E-001   3.625E-002   2.027E-003   1.660E-004   3.872E-005   5.947E-005   8.112E-005   6.043E-013   2.664E-021
 4.33   3.838E-003   3.014E-001   6.575E-001   3.501E-002   1.918E-003   1.527E-004   3.533E-005   5.497E-005   7.320E-005   5.190E-013   2.164E-021
 4.32   3.972E-003   3.043E-001   6.559E-001   3.376E-002   1.810E-003   1.399E-004   3.209E-005   5.061E-005   6.578E-005   4.430E-013   1.744E-021
 4.31   4.113E-003   3.072E-001   6.542E-001   3.250E-002   1.704E-003   1.276E-004   2.902E-005   4.640E-005   5.883E-005   3.756E-013   1.392E-021
 4.30   4.263E-003   3.103E-001   6.524E-001   3.122E-002   1.598E-003   1.158E-004   2.610E-005   4.235E-005   5.234E-005   3.160E-013   1.101E-021
 4.29   4.423E-003   3.135E-001   6.504E-001   2.993E-002   1.493E-003   1.044E-004   2.334E-005   3.846E-005   4.630E-005   2.637E-013   8.601E-022
 4.28   4.594E-003   3.169E-001   6.483E-001   2.863E-002   1.390E-003   9.363E-005   2.075E-005   3.472E-005   4.070E-005   2.180E-013   6.640E-022
 4.27   4.776E-003   3.205E-001   6.460E-001   2.731E-002   1.288E-003   8.336E-005   1.831E-005   3.116E-005   3.553E-005   1.784E-013   5.056E-022
 4.26   4.972E-003   3.242E-001   6.435E-001   2.597E-002   1.188E-003   7.366E-005   1.604E-005   2.777E-005   3.078E-005   1.444E-013   3.792E-022
 4.25   5.183E-003   3.282E-001   6.408E-001   2.462E-002   1.089E-003   6.454E-005   1.393E-005   2.456E-005   2.644E-005   1.154E-013   2.798E-022
 4.24   5.411E-003   3.323E-001   6.379E-001   2.326E-002   9.927E-004   5.603E-005   1.199E-005   2.154E-005   2.250E-005   9.104E-014   2.026E-022
 4.23   5.658E-003   3.368E-001   6.347E-001   2.189E-002   8.987E-004   4.815E-005   1.022E-005   1.872E-005   1.895E-005   7.074E-014   1.439E-022
 4.22   5.925E-003   3.415E-001   6.312E-001   2.051E-002   8.077E-004   4.092E-005   8.616E-006   1.611E-005   1.579E-005   5.408E-014   9.991E-023
 4.21   6.216E-003   3.464E-001   6.274E-001   1.913E-002   7.199E-004   3.435E-005   7.178E-006   1.370E-005   1.299E-005   4.060E-014   6.773E-023
 4.20   6.534E-003   3.517E-001   6.233E-001   1.775E-002   6.358E-004   2.845E-005   5.901E-006   1.151E-005   1.054E-005   2.989E-014   4.471E-023
 4.19   6.881E-003   3.573E-001   6.188E-001   1.637E-002   5.559E-004   2.322E-005   4.783E-006   9.545E-006   8.429E-006   2.153E-014   2.866E-023
 4.18   7.261E-003   3.633E-001   6.139E-001   1.500E-002   4.807E-004   1.865E-005   3.816E-006   7.795E-006   6.631E-006   1.515E-014   1.780E-023
 4.17   7.679E-003   3.697E-001   6.085E-001   1.365E-002   4.106E-004   1.472E-005   2.993E-006   6.261E-006   5.124E-006   1.038E-014   1.067E-023
 4.16   8.139E-003   3.765E-001   6.027E-001   1.233E-002   3.460E-004   1.140E-005   2.304E-006   4.939E-006   3.883E-006   6.915E-015   6.156E-024
 4.15   8.646E-003   3.837E-001   5.963E-001   1.103E-002   2.873E-004   8.644E-006   1.738E-006   3.820E-006   2.879E-006   4.465E-015   3.406E-024
 4.14   9.207E-003   3.914E-001   5.893E-001   9.785E-003   2.347E-004   6.406E-006   1.281E-006   2.890E-006   2.086E-006   2.786E-015   1.799E-024
 4.13   9.828E-003   3.996E-001   5.818E-001   8.588E-003   1.882E-004   4.632E-006   9.216E-007   2.134E-006   1.473E-006   1.675E-015   9.033E-025
 4.12   1.052E-002   4.083E-001   5.735E-001   7.451E-003   1.480E-004   3.259E-006   6.455E-007   1.535E-006   1.011E-006   9.663E-016   4.293E-025
 4.11   1.128E-002   4.176E-001   5.646E-001   6.384E-003   1.139E-004   2.227E-006   4.390E-007   1.073E-006   6.730E-007   5.333E-016   1.920E-025
 4.10   1.213E-002   4.275E-001   5.549E-001   5.395E-003   8.565E-005   1.474E-006   2.892E-007   7.268E-007   4.333E-007   2.804E-016   8.044E-026
 4.09   1.308E-002   4.379E-001   5.445E-001   4.491E-003   6.274E-005   9.425E-007   1.841E-007   4.757E-007   2.691E-007   1.399E-016   3.137E-026
 4.08   1.414E-002   4.489E-001   5.332E-001   3.677E-003   4.469E-005   5.803E-007   1.128E-007   3.000E-007   1.607E-007   6.588E-017   1.132E-026
 4.07   1.532E-002   4.605E-001   5.212E-001   2.957E-003   3.087E-005   3.431E-007   6.640E-008   1.816E-007   9.195E-008   2.921E-017   3.772E-027
 4.06   1.664E-002   4.728E-001   5.082E-001   2.331E-003   2.060E-005   1.936E-007   3.727E-008   1.050E-007   5.008E-008   1.203E-017   1.132E-027
 4.05   1.812E-002   4.856E-001   4.944E-001   1.797E-003   1.325E-005   1.039E-007   1.989E-008   5.774E-008   2.587E-008   4.568E-018   3.022E-028
 4.04   1.978E-002   4.991E-001   4.798E-001   1.353E-003   8.185E-006   5.282E-008   1.006E-008   3.009E-008   1.263E-008   1.595E-018   7.151E-029
 4.03   2.163E-002   5.131E-001   4.643E-001   9.931E-004   4.842E-006   2.534E-008   4.799E-009   1.479E-008   5.798E-009   5.072E-019   1.479E-029
 4.02   2.370E-002   5.276E-001   4.480E-001   7.085E-004   2.733E-006   1.140E-008   2.147E-009   6.817E-009   2.488E-009   1.457E-019   2.633E-030
 4.01   2.603E-002   5.426E-001   4.308E-001   4.903E-004   1.467E-006   4.801E-009   8.987E-010   2.938E-009   9.958E-010   3.777E-020   4.066E-031
 4.00   2.863E-002   5.581E-001   4.129E-001   3.281E-004   7.449E-007   1.875E-009   3.487E-010   1.175E-009   3.682E-010   8.668E-021   5.219E-032
 3.99   3.154E-002   5.739E-001   3.944E-001   2.117E-004   3.563E-007   6.746E-010   1.247E-010   4.328E-010   1.249E-010   1.739E-021   5.429E-033
 3.98   3.481E-002   5.899E-001   3.751E-001   1.313E-004   1.597E-007   2.222E-010   4.078E-011   1.459E-010   3.857E-011   3.010E-022   4.438E-034
 3.97   3.845E-002   6.061E-001   3.553E-001   7.802E-005   6.675E-008   6.647E-011   1.212E-011   4.466E-011   1.076E-011   4.424E-023   2.741E-035
 3.96   4.253E-002   6.224E-001   3.351E-001   4.424E-005   2.587E-008   1.792E-011   3.244E-012   1.232E-011   2.689E-012   5.431E-024   1.214E-036
 3.95   4.707E-002   6.385E-001   3.144E-001   2.384E-005   9.239E-009   4.316E-012   7.757E-013   3.033E-012   5.958E-013   5.451E-025   3.535E-038
 3.94   5.214E-002   6.543E-001   2.935E-001   1.216E-005   3.021E-009   9.193E-013   1.640E-013   6.605E-013   1.158E-013   4.350E-026   5.661E-040
 3.93   5.778E-002   6.697E-001   2.725E-001   5.842E-006   8.976E-010   1.710E-013   3.029E-014   1.256E-013   1.947E-014   2.646E-027   2.578E-042
 3.92   6.404E-002   6.845E-001   2.515E-001   2.629E-006   2.402E-010   2.739E-014   4.815E-015   2.056E-014   2.783E-015   1.149E-028  -1.416E-044
 3.91   7.098E-002   6.984E-001   2.306E-001   1.101E-006   5.731E-011   3.709E-015   6.471E-016   2.843E-015   3.312E-016   3.171E-030   1.994E-046
 3.90   7.865E-002   7.113E-001   2.100E-001   4.269E-007   1.206E-011   4.160E-016   7.203E-017   3.256E-016   3.199E-017   4.380E-032  -4.151E-048
 3.89   8.712E-002   7.230E-001   1.899E-001   1.520E-007   2.213E-012   3.778E-017   6.492E-018   3.018E-017   2.440E-018   1.081E-034   1.051E-049
 3.88   9.643E-002   7.332E-001   1.703E-001   4.932E-008   3.496E-013   2.702E-018   4.608E-019   2.202E-018   1.416E-019  -7.008E-037  -2.924E-051
 3.87   1.067E-001   7.418E-001   1.515E-001   1.446E-008   4.679E-014   1.465E-019   2.480E-020   1.218E-019   5.931E-021   9.416E-039   8.437E-053
 3.86   1.179E-001   7.486E-001   1.335E-001   3.794E-009   5.210E-015   5.696E-021   9.578E-022   4.833E-021   1.641E-022  -1.753E-040  -2.426E-054
 3.85   1.301E-001   7.534E-001   1.166E-001   8.810E-010   4.726E-016   1.471E-022   2.458E-023   1.274E-022   2.592E-024   3.813E-042   6.617E-056
 3.84   1.434E-001   7.559E-001   1.007E-001   1.791E-010   3.429E-017   2.305E-024   3.832E-025   2.038E-024   1.779E-026  -8.483E-044  -1.584E-057
 3.83   1.578E-001   7.562E-001   8.597E-002   3.138E-011   1.916E-018   1.596E-026   2.667E-027   1.456E-026  -1.374E-029   1.888E-045   3.305E-059
 3.82   1.734E-001   7.540E-001   7.253E-002   4.661E-012   7.862E-020  -3.399E-031  -8.327E-032  -4.105E-031   9.394E-032  -4.071E-047  -5.904E-061
 3.81   1.903E-001   7.493E-001   6.038E-002   5.756E-013   2.217E-021   8.315E-033   1.671E-033   9.407E-033  -1.053E-033   8.200E-049   8.797E-063
 3.80   2.084E-001   7.420E-001   4.957E-002   6.007E-014   4.916E-023  -9.048E-035  -1.720E-035  -9.964E-035   9.910E-036  -1.190E-050  -8.326E-065
 3.79   2.278E-001   7.321E-001   4.007E-002   4.991E-015   6.128E-025   1.196E-036   2.026E-037   1.202E-036  -1.215E-037   1.626E-052   6.716E-067
 3.78   2.485E-001   7.196E-001   3.187E-002   3.199E-016   2.849E-027  -1.734E-038  -2.677E-039  -1.626E-038   1.693E-039  -2.031E-054  -4.532E-069
 3.77   2.705E-001   7.046E-001   2.491E-002   1.482E-017  -6.551E-030   2.685E-040   3.951E-041   2.456E-040  -2.620E-041   2.370E-056   2.625E-071
 3.76   2.937E-001   6.872E-001   1.910E-002   2.565E-019   1.208E-031  -6.942E-042  -1.004E-042  -6.377E-042   6.827E-043  -4.233E-058  -2.524E-073
 3.75   3.180E-001   6.676E-001   1.437E-002   2.514E-021  -2.591E-033   1.699E-043   2.446E-044   1.588E-043  -1.684E-044   6.492E-060   1.944E-075
 3.74   3.434E-001   6.460E-001   1.060E-002   2.280E-020   5.982E-035  -3.904E-045  -5.626E-046  -3.730E-045   3.851E-046  -8.434E-062  -1.183E-077
 3.73   3.696E-001   6.227E-001   7.677E-003   2.004E-020  -1.011E-036   6.166E-047   8.936E-048   6.050E-047  -5.938E-048   6.144E-064   2.817E-080
 3.72   3.964E-001   5.982E-001   5.458E-003   1.099E-020   1.945E-038  -1.019E-048  -1.485E-049  -1.026E-048   9.285E-050  -4.214E-066  -5.533E-083
 3.71   4.234E-001   5.728E-001   3.817E-003   3.571E-021  -6.013E-040   2.592E-050   3.793E-051   2.672E-050  -2.183E-051   4.874E-068   2.703E-085
 3.70   4.502E-001   5.471E-001   2.636E-003  -9.600E-023   1.941E-041  -6.835E-052  -1.007E-052  -7.227E-052   5.185E-053  -5.577E-070  -1.292E-087
 3.69   4.766E-001   5.216E-001   1.806E-003  -9.535E-022  -1.006E-042   1.831E-053   2.715E-054   1.985E-053  -1.218E-054   6.239E-072   6.006E-090
 3.68   5.019E-001   4.969E-001   1.235E-003  -7.655E-022  -3.482E-043  -6.343E-055  -9.451E-056  -7.031E-055   3.664E-056  -9.345E-074  -3.830E-092
 3.67   5.259E-001   4.732E-001   8.474E-004  -3.961E-022  -1.486E-043   2.237E-056   3.347E-057   2.531E-056  -1.111E-057   1.443E-075   2.593E-094
 3.66   5.483E-001   4.511E-001   5.873E-004  -1.263E-022  -2.062E-044  -8.728E-058  -1.307E-058  -1.004E-057   3.774E-059  -2.685E-077  -2.295E-096
 3.65   5.689E-001   4.307E-001   4.130E-004   5.897E-024   1.113E-045   4.456E-059   6.664E-060   5.190E-059  -1.724E-060   7.319E-079   3.187E-098
 3.64   5.877E-001   4.120E-001   2.955E-004   3.737E-023  -3.634E-045  -2.418E-060  -3.609E-061  -2.848E-060   8.534E-062  -2.236E-080  -5.050E-100
 3.63   6.048E-001   3.950E-001   2.155E-004   3.146E-023  -3.827E-045   1.208E-061   1.798E-062   1.436E-061  -4.000E-063   6.684E-082   7.992E-102
 3.62   6.203E-001   3.795E-001   1.602E-004   1.784E-023  -1.706E-045  -4.281E-063  -6.339E-064  -5.117E-063   1.411E-064  -1.566E-083  -1.017E-103
 3.61   6.344E-001   3.655E-001   1.213E-004   6.394E-024  -2.981E-046   1.729E-064   2.534E-065   2.068E-064  -6.122E-066   5.156E-085   2.081E-105
 3.60   6.471E-001   3.528E-001   9.344E-005  -8.552E-026   1.095E-047  -7.842E-066  -1.135E-066  -9.348E-066   3.168E-067  -2.206E-086  -5.924E-107
 3.59   6.588E-001   3.411E-001   7.309E-005  -2.074E-024  -4.430E-047   3.187E-067   4.533E-068   3.762E-067  -1.590E-068   9.829E-088   1.834E-108
 3.58   6.695E-001   3.305E-001   5.798E-005  -1.980E-024  -5.868E-047  -9.705E-069  -1.336E-069  -1.115E-068   6.776E-070  -4.084E-089  -5.571E-110
 3.57   6.793E-001   3.206E-001   4.658E-005  -1.245E-024  -3.109E-047   1.676E-070   2.260E-071   1.885E-070  -2.150E-071   1.471E-090   1.574E-111
 3.56   6.884E-001   3.115E-001   3.785E-005  -5.095E-025  -7.316E-048  -3.330E-072  -2.522E-073  -2.074E-072   5.052E-073  -4.947E-092  -4.615E-113
 3.55   6.969E-001   3.031E-001   3.107E-005  -2.482E-026  -1.438E-049   1.112E-073   7.378E-075   6.126E-074  -1.381E-074   2.158E-093   1.908E-114
 3.54   7.047E-001   2.952E-001   2.575E-005   1.587E-025  -7.121E-049   4.142E-074  -1.836E-076  -1.532E-075   3.529E-076  -1.027E-094  -9.145E-116
 3.53   7.121E-001   2.879E-001   2.152E-005   1.711E-025  -1.201E-048   1.050E-073   3.684E-078   3.087E-077  -7.078E-078   4.879E-096   4.649E-117
 3.52   7.190E-001   2.810E-001   1.812E-005   1.167E-025  -7.510E-049   5.468E-074  -4.361E-080  -3.651E-079   8.574E-080  -2.183E-097  -2.385E-118
 3.51   7.254E-001   2.746E-001   1.537E-005   5.225E-026  -2.202E-049   7.765E-075   1.516E-082   1.220E-081  -2.241E-082   8.770E-099   1.195E-119
 3.50   7.315E-001   2.685E-001   1.312E-005   5.348E-027  -1.686E-050  -4.842E-076   1.070E-084   1.237E-083   3.244E-085  -4.179E-100  -7.605E-121
 3.49   7.373E-001   2.627E-001   1.127E-005  -1.500E-026  -1.489E-050  -2.346E-076   1.133E-085   8.641E-085   6.725E-088   2.161E-101   5.564E-122
 3.48   7.427E-001   2.572E-001   9.734E-006  -1.795E-026  -2.935E-050  -6.199E-076   6.232E-087   6.392E-086   5.805E-090  -1.108E-102  -4.303E-123
 3.47   7.479E-001   2.521E-001   8.449E-006  -1.307E-026  -2.117E-050  -3.876E-076   6.781E-088   5.494E-087   1.014E-091   5.263E-104   3.328E-124
 3.46   7.528E-001   2.472E-001   7.368E-006  -6.303E-027  -7.479E-051  -6.733E-077   5.647E-089   5.445E-088   2.844E-093  -2.160E-105  -2.468E-125
 3.45   7.575E-001   2.425E-001   6.454E-006  -9.804E-028  -1.045E-051   4.323E-078   7.172E-090   6.150E-089   1.134E-094   7.031E-107   1.690E-126
 3.44   7.620E-001   2.380E-001   5.676E-006   1.575E-027  -4.384E-052   2.288E-078   8.495E-091   7.826E-090   5.968E-096  -1.585E-108  -1.028E-127
 3.43   7.663E-001   2.337E-001   5.011E-006   2.116E-027  -8.062E-052   4.150E-078   1.250E-091   1.110E-090   3.943E-097   1.797E-110   5.313E-129
 3.42   7.704E-001   2.296E-001   4.440E-006   1.643E-027  -6.496E-052   2.986E-078   1.921E-092   1.737E-091   3.153E-098   1.315E-113  -2.200E-130
 3.41   7.743E-001   2.257E-001   3.946E-006   8.536E-028  -2.709E-052   6.938E-079   3.311E-093   2.975E-092   2.969E-099   1.768E-115   6.653E-132
 3.40   7.780E-001   2.220E-001   3.519E-006   1.816E-028  -5.733E-053  -9.556E-081   6.136E-094   5.528E-093   3.220E-100   4.700E-117  -1.228E-133
 3.39   7.816E-001   2.184E-001   3.147E-006  -1.730E-028  -1.897E-053  -2.956E-080   1.224E-094   1.102E-093   3.897E-101   1.723E-118   1.367E-135
 3.38   7.851E-001   2.149E-001   2.823E-006  -2.704E-028  -2.531E-053  -3.375E-080   2.579E-095   2.320E-094   5.074E-102   7.043E-120  -1.683E-137
 3.37   7.885E-001   2.115E-001   2.538E-006  -2.240E-028  -2.159E-053  -2.506E-080   5.732E-096   5.152E-095   7.099E-103   3.268E-121   1.915E-139
 3.36   7.917E-001   2.083E-001   2.288E-006  -1.243E-028  -1.024E-053  -7.010E-081   1.340E-096   1.203E-095   1.065E-103   1.733E-122  -1.658E-141
 3.35   7.948E-001   2.052E-001   2.067E-006  -3.241E-029  -2.768E-054  -3.730E-083   3.289E-097   2.948E-096   1.710E-104   1.050E-123   7.351E-144
 3.34   7.978E-001   2.022E-001   1.872E-006   1.997E-029  -8.869E-055   3.848E-082   8.450E-098   7.561E-097   2.928E-105   7.231E-125   7.702E-147
 3.33   8.007E-001   1.993E-001   1.699E-006   3.694E-029  -8.945E-055   3.237E-082   2.267E-098   2.024E-097   5.329E-106   5.621E-126   5.839E-149
 3.32   8.035E-001   1.965E-001   1.545E-006   3.258E-029  -7.761E-055   2.326E-082   6.340E-099   5.647E-098   1.028E-106   4.896E-127   8.752E-151
 3.31   8.062E-001   1.937E-001   1.409E-006   1.959E-029  -4.195E-055   7.679E-083   1.950E-099   1.731E-098   2.201E-107   4.480E-128   4.026E-154
 3.30   8.089E-001   1.911E-001   1.288E-006   6.431E-030  -1.440E-055   2.932E-084   6.211E-100   5.500E-099   4.974E-108   4.670E-129   5.510E-156
 3.29   8.114E-001   1.886E-001   1.179E-006  -1.797E-030  -4.916E-056  -5.347E-084   2.048E-100   1.806E-099   1.182E-108   5.450E-130   1.473E-157
 3.28   8.139E-001   1.861E-001   1.081E-006  -4.991E-030  -3.563E-056  -3.784E-084   6.958E-101   6.118E-100   2.943E-109   7.030E-131   5.837E-159
 3.27   8.163E-001   1.837E-001   9.923E-007  -4.849E-030  -2.947E-056  -2.389E-084   2.438E-101   2.135E-100   7.653E-110   9.916E-132   3.058E-160
 3.26   8.187E-001   1.813E-001   9.124E-007  -3.112E-030  -1.687E-056  -8.773E-085   8.782E-102   7.658E-101   2.073E-110   1.516E-132   1.986E-161
 3.25   8.210E-001   1.790E-001   8.401E-007  -1.156E-030  -6.582E-057  -9.555E-086   3.250E-102   2.821E-101   5.834E-111   2.494E-133   1.536E-162
 3.24   8.232E-001   1.768E-001   7.746E-007   1.538E-031  -2.487E-057   4.833E-086   1.233E-102   1.065E-101   1.702E-111   4.385E-134   1.374E-163
 3.23   8.253E-001   1.747E-001   7.151E-007   7.178E-031  -1.590E-057   4.389E-086   4.791E-103   4.118E-102   5.134E-112   8.199E-135   1.393E-164
 3.22   8.274E-001   1.726E-001   6.610E-007   7.506E-031  -1.224E-057   2.734E-086   1.904E-103   1.628E-102   1.599E-112   1.622E-135   1.575E-165
 3.21   8.295E-001   1.705E-001   6.116E-007   5.078E-031  -7.196E-058   1.078E-086   7.735E-104   6.577E-103   5.133E-113   3.379E-136   1.960E-166
 3.20   8.315E-001   1.685E-001   5.666E-007   2.071E-031  -3.083E-058   1.864E-087   3.207E-104   2.711E-103   1.695E-113   7.392E-137   2.659E-167
 3.19   8.334E-001   1.666E-001   5.255E-007  -6.547E-033  -1.274E-058  -3.303E-088   1.356E-104   1.139E-103   5.749E-114   1.691E-137   3.896E-168
 3.18   8.353E-001   1.647E-001   4.878E-007  -1.063E-031  -7.632E-059  -4.951E-088   5.839E-105   4.875E-104   2.000E-114   4.035E-138   6.124E-169
 3.17   8.372E-001   1.628E-001   4.533E-007  -1.197E-031  -5.491E-059  -3.297E-088   2.560E-105   2.123E-104   7.128E-115   1.001E-138   1.026E-169
 3.16   8.390E-001   1.610E-001   4.217E-007  -8.501E-032  -3.264E-059  -1.406E-088   1.141E-105   9.401E-105   2.599E-115   2.578E-139   1.822E-170
 3.15   8.408E-001   1.592E-001   3.926E-007  -3.745E-032  -1.504E-059  -3.265E-089   5.172E-106   4.230E-105   9.687E-116   6.870E-140   3.416E-171
 3.14   8.425E-001   1.575E-001   3.658E-007  -1.733E-033  -6.703E-060   3.961E-092   2.380E-106   1.932E-105   3.685E-116   1.891E-140   6.730E-172
 3.13   8.442E-001   1.558E-001   3.411E-007   1.620E-032  -3.897E-060   5.253E-090   1.112E-106   8.957E-106   1.430E-116   5.368E-141   1.389E-172
 3.12   8.459E-001   1.541E-001   3.184E-007   1.976E-032  -2.664E-060   4.072E-090   5.267E-107   4.210E-106   5.653E-117   1.568E-141   2.991E-173
 3.11   8.475E-001   1.525E-001   2.974E-007   1.478E-032  -1.599E-060   1.928E-090   2.529E-107   2.005E-106   2.275E-117   4.707E-142   6.704E-174
 3.10   8.491E-001   1.509E-001   2.780E-007   7.054E-033  -7.834E-061   5.600E-091   1.230E-107   9.673E-107   9.314E-118   1.450E-142   1.560E-174
 3.09   8.507E-001   1.493E-001   2.601E-007   8.788E-034  -3.708E-061   6.603E-092   6.061E-108   4.724E-107   3.876E-118   4.577E-143   3.759E-175
 3.08   8.522E-001   1.478E-001   2.435E-007  -2.461E-033  -2.119E-061  -4.808E-092   3.022E-108   2.334E-107   1.638E-118   1.479E-143   9.363E-176
 3.07   8.537E-001   1.463E-001   2.281E-007  -3.336E-033  -1.391E-061  -4.978E-092   1.524E-108   1.166E-107   7.027E-119   4.883E-144   2.405E-176
 3.06   8.552E-001   1.448E-001   2.138E-007  -2.645E-033  -8.404E-062  -2.679E-092   7.769E-109   5.891E-108   3.058E-119   1.646E-144   6.359E-177
 3.05   8.567E-001   1.433E-001   2.006E-007  -1.347E-033  -4.321E-062  -9.156E-093   4.004E-109   3.006E-108   1.349E-119   5.662E-145   1.728E-177
 3.04   8.581E-001   1.419E-001   1.883E-007  -2.070E-034  -2.155E-062  -1.655E-093   2.085E-109   1.550E-108   6.029E-120   1.985E-145   4.820E-178
 3.03   8.595E-001   1.405E-001   1.768E-007   4.881E-034  -1.281E-062   5.811E-094   1.096E-109   8.066E-109   2.728E-120   7.082E-146   1.378E-178
 3.02   8.608E-001   1.392E-001   1.661E-007   7.363E-034  -8.934E-063   9.046E-094   5.818E-110   4.237E-109   1.250E-120   2.571E-146   4.031E-179
 3.01   8.622E-001   1.378E-001   1.562E-007   6.441E-034  -5.845E-063   5.969E-094   3.116E-110   2.245E-109   5.791E-121   9.489E-147   1.205E-179
 3.00   8.635E-001   1.365E-001   1.470E-007   3.470E-034  -3.123E-063   2.313E-094   1.684E-110   1.200E-109   2.713E-121   3.557E-147   3.681E-180
