 9.00   0.000E+000   0.000E+000   0.000E+000   0.000E+000   1.538E-011   2.605E-006   1.000E+000
 8.99   6.866E-041   3.689E-032   1.328E-024   1.226E-017   1.639E-011   2.706E-006   1.000E+000
 8.98   8.096E-041   4.242E-032   1.489E-024   1.340E-017   1.746E-011   2.811E-006   1.000E+000
 8.97   9.549E-041   4.879E-032   1.670E-024   1.465E-017   1.861E-011   2.920E-006   1.000E+000
 8.96   1.126E-040   5.611E-032   1.873E-024   1.602E-017   1.983E-011   3.032E-006   1.000E+000
 8.95   1.328E-040   6.453E-032   2.101E-024   1.752E-017   2.113E-011   3.149E-006   1.000E+000
 8.94   1.566E-040   7.420E-032   2.356E-024   1.915E-017   2.252E-011   3.271E-006   1.000E+000
 8.93   1.847E-040   8.530E-032   2.641E-024   2.093E-017   2.399E-011   3.396E-006   1.000E+000
 8.92   2.177E-040   9.805E-032   2.960E-024   2.287E-017   2.556E-011   3.526E-006   1.000E+000
 8.91   2.566E-040   1.127E-031   3.318E-024   2.500E-017   2.723E-011   3.661E-006   1.000E+000
 8.90   3.025E-040   1.296E-031   3.719E-024   2.732E-017   2.901E-011   3.801E-006   1.000E+000
 8.89   3.566E-040   1.489E-031   4.169E-024   2.986E-017   3.090E-011   3.946E-006   1.000E+000
 8.88   4.204E-040   1.712E-031   4.674E-024   3.264E-017   3.291E-011   4.097E-006   1.000E+000
 8.87   4.955E-040   1.968E-031   5.239E-024   3.567E-017   3.505E-011   4.253E-006   1.000E+000
 8.86   5.841E-040   2.262E-031   5.873E-024   3.899E-017   3.733E-011   4.414E-006   1.000E+000
 8.85   6.885E-040   2.600E-031   6.583E-024   4.260E-017   3.975E-011   4.581E-006   1.000E+000
 8.84   8.115E-040   2.988E-031   7.378E-024   4.655E-017   4.233E-011   4.755E-006   1.000E+000
 8.83   9.564E-040   3.434E-031   8.268E-024   5.086E-017   4.507E-011   4.934E-006   1.000E+000
 8.82   1.127E-039   3.946E-031   9.264E-024   5.556E-017   4.798E-011   5.120E-006   1.000E+000
 8.81   1.328E-039   4.534E-031   1.038E-023   6.069E-017   5.108E-011   5.312E-006   1.000E+000
 8.80   1.565E-039   5.208E-031   1.163E-023   6.629E-017   5.437E-011   5.510E-006   1.000E+000
 8.79   1.843E-039   5.983E-031   1.303E-023   7.240E-017   5.787E-011   5.716E-006   1.000E+000
 8.78   2.171E-039   6.873E-031   1.459E-023   7.906E-017   6.159E-011   5.928E-006   1.000E+000
 8.77   2.557E-039   7.894E-031   1.634E-023   8.632E-017   6.554E-011   6.147E-006   1.000E+000
 8.76   3.012E-039   9.065E-031   1.830E-023   9.425E-017   6.973E-011   6.374E-006   1.000E+000
 8.75   3.547E-039   1.041E-030   2.049E-023   1.029E-016   7.419E-011   6.609E-006   1.000E+000
 8.74   4.176E-039   1.195E-030   2.294E-023   1.123E-016   7.893E-011   6.852E-006   1.000E+000
 8.73   4.917E-039   1.372E-030   2.568E-023   1.226E-016   8.396E-011   7.104E-006   1.000E+000
 8.72   5.789E-039   1.575E-030   2.875E-023   1.338E-016   8.931E-011   7.363E-006   1.000E+000
 8.71   6.815E-039   1.808E-030   3.218E-023   1.460E-016   9.499E-011   7.632E-006   1.000E+000
 8.70   8.022E-039   2.075E-030   3.601E-023   1.593E-016   1.010E-010   7.908E-006   1.000E+000
 8.69   9.443E-039   2.382E-030   4.030E-023   1.738E-016   1.074E-010   8.194E-006   1.000E+000
 8.68   1.111E-038   2.734E-030   4.511E-023   1.896E-016   1.142E-010   8.488E-006   1.000E+000
 8.67   1.308E-038   3.138E-030   5.048E-023   2.069E-016   1.214E-010   8.792E-006   1.000E+000
 8.66   1.540E-038   3.601E-030   5.649E-023   2.257E-016   1.290E-010   9.106E-006   1.000E+000
 8.65   1.812E-038   4.133E-030   6.321E-023   2.462E-016   1.372E-010   9.429E-006   1.000E+000
 8.64   2.133E-038   4.743E-030   7.073E-023   2.686E-016   1.458E-010   9.763E-006   1.000E+000
 8.63   2.510E-038   5.442E-030   7.914E-023   2.929E-016   1.549E-010   1.011E-005   1.000E+000
 8.62   2.955E-038   6.245E-030   8.854E-023   3.195E-016   1.646E-010   1.046E-005   1.000E+000
 8.61   3.477E-038   7.166E-030   9.906E-023   3.484E-016   1.749E-010   1.083E-005   1.000E+000
 8.60   4.092E-038   8.221E-030   1.108E-022   3.799E-016   1.858E-010   1.121E-005   1.000E+000
 8.59   4.814E-038   9.431E-030   1.239E-022   4.142E-016   1.974E-010   1.160E-005   1.000E+000
 8.58   5.664E-038   1.082E-029   1.386E-022   4.516E-016   2.097E-010   1.201E-005   1.000E+000
 8.57   6.663E-038   1.241E-029   1.550E-022   4.923E-016   2.227E-010   1.242E-005   1.000E+000
 8.56   7.838E-038   1.423E-029   1.733E-022   5.367E-016   2.365E-010   1.285E-005   1.000E+000
 8.55   9.219E-038   1.632E-029   1.938E-022   5.850E-016   2.512E-010   1.330E-005   1.000E+000
 8.54   1.084E-037   1.872E-029   2.167E-022   6.376E-016   2.668E-010   1.375E-005   1.000E+000
 8.53   1.275E-037   2.147E-029   2.423E-022   6.949E-016   2.833E-010   1.422E-005   1.000E+000
 8.52   1.500E-037   2.462E-029   2.709E-022   7.573E-016   3.008E-010   1.471E-005   1.000E+000
 8.51   1.765E-037   2.823E-029   3.028E-022   8.252E-016   3.193E-010   1.521E-005   1.000E+000
 8.50   2.076E-037   3.237E-029   3.386E-022   8.993E-016   3.390E-010   1.573E-005   1.000E+000
 8.49   2.441E-037   3.712E-029   3.785E-022   9.799E-016   3.599E-010   1.626E-005   1.000E+000
 8.48   2.872E-037   4.256E-029   4.231E-022   1.068E-015   3.821E-010   1.681E-005   1.000E+000
 8.47   3.378E-037   4.880E-029   4.730E-022   1.163E-015   4.055E-010   1.737E-005   1.000E+000
 8.46   3.973E-037   5.596E-029   5.287E-022   1.267E-015   4.304E-010   1.795E-005   1.000E+000
 8.45   4.672E-037   6.416E-029   5.909E-022   1.381E-015   4.568E-010   1.855E-005   1.000E+000
 8.44   5.495E-037   7.356E-029   6.604E-022   1.504E-015   4.847E-010   1.917E-005   1.000E+000
 8.43   6.462E-037   8.434E-029   7.380E-022   1.638E-015   5.144E-010   1.980E-005   1.000E+000
 8.42   7.600E-037   9.670E-029   8.248E-022   1.784E-015   5.458E-010   2.046E-005   1.000E+000
 8.41   8.937E-037   1.109E-028   9.217E-022   1.944E-015   5.791E-010   2.114E-005   1.000E+000
 8.40   1.051E-036   1.271E-028   1.030E-021   2.117E-015   6.144E-010   2.183E-005   1.000E+000
 8.39   1.236E-036   1.457E-028   1.151E-021   2.305E-015   6.518E-010   2.255E-005   1.000E+000
 8.38   1.453E-036   1.670E-028   1.286E-021   2.511E-015   6.915E-010   2.329E-005   1.000E+000
 8.37   1.709E-036   1.914E-028   1.437E-021   2.734E-015   7.336E-010   2.405E-005   1.000E+000
 8.36   2.010E-036   2.194E-028   1.605E-021   2.977E-015   7.781E-010   2.483E-005   1.000E+000
 8.35   2.363E-036   2.515E-028   1.794E-021   3.242E-015   8.253E-010   2.563E-005   1.000E+000
 8.34   2.779E-036   2.883E-028   2.004E-021   3.530E-015   8.753E-010   2.646E-005   1.000E+000
 8.33   3.268E-036   3.305E-028   2.239E-021   3.844E-015   9.282E-010   2.731E-005   1.000E+000
 8.32   3.843E-036   3.788E-028   2.502E-021   4.186E-015   9.843E-010   2.818E-005   1.000E+000
 8.31   4.520E-036   4.342E-028   2.795E-021   4.557E-015   1.044E-009   2.909E-005   1.000E+000
 8.30   5.316E-036   4.978E-028   3.123E-021   4.962E-015   1.107E-009   3.001E-005   1.000E+000
 8.29   6.252E-036   5.706E-028   3.489E-021   5.402E-015   1.174E-009   3.097E-005   1.000E+000
 8.28   7.354E-036   6.542E-028   3.899E-021   5.882E-015   1.244E-009   3.196E-005   1.000E+000
 8.27   8.650E-036   7.500E-028   4.356E-021   6.404E-015   1.319E-009   3.297E-005   1.000E+000
 8.26   1.017E-035   8.598E-028   4.866E-021   6.973E-015   1.399E-009   3.402E-005   1.000E+000
 8.25   1.197E-035   9.856E-028   5.437E-021   7.591E-015   1.483E-009   3.509E-005   1.000E+000
 8.24   1.408E-035   1.130E-027   6.073E-021   8.263E-015   1.572E-009   3.620E-005   1.000E+000
 8.23   1.655E-035   1.295E-027   6.784E-021   8.994E-015   1.667E-009   3.733E-005   1.000E+000
 8.22   1.947E-035   1.484E-027   7.578E-021   9.790E-015   1.767E-009   3.850E-005   1.000E+000
 8.21   2.289E-035   1.701E-027   8.465E-021   1.065E-014   1.873E-009   3.970E-005   1.000E+000
 8.20   2.692E-035   1.950E-027   9.454E-021   1.160E-014   1.985E-009   4.093E-005   1.000E+000
 8.19   3.166E-035   2.234E-027   1.056E-020   1.262E-014   2.103E-009   4.219E-005   1.000E+000
 8.18   3.724E-035   2.561E-027   1.179E-020   1.373E-014   2.229E-009   4.349E-005   1.000E+000
 8.17   4.380E-035   2.935E-027   1.317E-020   1.494E-014   2.362E-009   4.483E-005   1.000E+000
 8.16   5.151E-035   3.365E-027   1.471E-020   1.626E-014   2.503E-009   4.621E-005   1.000E+000
 8.15   6.060E-035   3.857E-027   1.643E-020   1.770E-014   2.653E-009   4.762E-005   1.000E+000
 8.14   7.129E-035   4.422E-027   1.835E-020   1.926E-014   2.811E-009   4.908E-005   1.000E+000
 8.13   8.388E-035   5.070E-027   2.050E-020   2.096E-014   2.979E-009   5.058E-005   9.999E-001
 8.12   9.871E-035   5.813E-027   2.290E-020   2.281E-014   3.157E-009   5.213E-005   9.999E-001
 8.11   1.162E-034   6.665E-027   2.558E-020   2.483E-014   3.346E-009   5.371E-005   9.999E-001
 8.10   1.367E-034   7.642E-027   2.858E-020   2.703E-014   3.546E-009   5.535E-005   9.999E-001
 8.09   1.609E-034   8.762E-027   3.193E-020   2.942E-014   3.758E-009   5.703E-005   9.999E-001
 8.08   1.893E-034   1.005E-026   3.567E-020   3.202E-014   3.982E-009   5.875E-005   9.999E-001
 8.07   2.228E-034   1.152E-026   3.985E-020   3.485E-014   4.220E-009   6.053E-005   9.999E-001
 8.06   2.622E-034   1.321E-026   4.452E-020   3.793E-014   4.471E-009   6.235E-005   9.999E-001
 8.05   3.086E-034   1.515E-026   4.974E-020   4.128E-014   4.737E-009   6.422E-005   9.999E-001
 8.04   3.633E-034   1.737E-026   5.557E-020   4.493E-014   5.019E-009   6.614E-005   9.999E-001
 8.03   4.276E-034   1.993E-026   6.208E-020   4.889E-014   5.318E-009   6.811E-005   9.999E-001
 8.02   5.035E-034   2.286E-026   6.935E-020   5.321E-014   5.634E-009   7.014E-005   9.999E-001
 8.01   5.928E-034   2.622E-026   7.747E-020   5.791E-014   5.969E-009   7.223E-005   9.999E-001
 8.00   6.980E-034   3.007E-026   8.656E-020   6.302E-014   6.324E-009   7.438E-005   9.999E-001
 7.99   8.219E-034   3.449E-026   9.672E-020   6.860E-014   6.702E-009   7.659E-005   9.999E-001
 7.98   9.678E-034   3.957E-026   1.081E-019   7.467E-014   7.102E-009   7.887E-005   9.999E-001
 7.97   1.140E-033   4.539E-026   1.208E-019   8.128E-014   7.526E-009   8.121E-005   9.999E-001
 7.96   1.342E-033   5.207E-026   1.350E-019   8.848E-014   7.975E-009   8.362E-005   9.999E-001
 7.95   1.581E-033   5.974E-026   1.509E-019   9.631E-014   8.451E-009   8.609E-005   9.999E-001
 7.94   1.862E-033   6.855E-026   1.686E-019   1.048E-013   8.955E-009   8.862E-005   9.999E-001
 7.93   2.194E-033   7.866E-026   1.884E-019   1.141E-013   9.488E-009   9.122E-005   9.999E-001
 7.92   2.585E-033   9.028E-026   2.105E-019   1.242E-013   1.005E-008   9.389E-005   9.999E-001
 7.91   3.047E-033   1.036E-025   2.353E-019   1.352E-013   1.065E-008   9.664E-005   9.999E-001
 7.90   3.590E-033   1.189E-025   2.630E-019   1.472E-013   1.129E-008   9.946E-005   9.999E-001
 7.89   4.231E-033   1.365E-025   2.940E-019   1.602E-013   1.196E-008   1.024E-004   9.999E-001
 7.88   4.987E-033   1.567E-025   3.286E-019   1.745E-013   1.268E-008   1.054E-004   9.999E-001
 7.87   5.878E-033   1.799E-025   3.674E-019   1.900E-013   1.343E-008   1.085E-004   9.999E-001
 7.86   6.930E-033   2.065E-025   4.107E-019   2.068E-013   1.424E-008   1.116E-004   9.999E-001
 7.85   8.170E-033   2.371E-025   4.592E-019   2.252E-013   1.509E-008   1.149E-004   9.999E-001
 7.84   9.633E-033   2.722E-025   5.135E-019   2.453E-013   1.600E-008   1.183E-004   9.999E-001
 7.83   1.136E-032   3.126E-025   5.743E-019   2.671E-013   1.696E-008   1.217E-004   9.999E-001
 7.82   1.340E-032   3.590E-025   6.422E-019   2.909E-013   1.798E-008   1.252E-004   9.999E-001
 7.81   1.580E-032   4.124E-025   7.183E-019   3.169E-013   1.905E-008   1.289E-004   9.999E-001
 7.80   1.864E-032   4.737E-025   8.034E-019   3.452E-013   2.020E-008   1.326E-004   9.999E-001
 7.79   2.200E-032   5.442E-025   8.987E-019   3.760E-013   2.141E-008   1.365E-004   9.999E-001
 7.78   2.596E-032   6.252E-025   1.005E-018   4.095E-013   2.270E-008   1.404E-004   9.999E-001
 7.77   3.063E-032   7.185E-025   1.125E-018   4.461E-013   2.407E-008   1.445E-004   9.999E-001
 7.76   3.616E-032   8.257E-025   1.258E-018   4.860E-013   2.552E-008   1.487E-004   9.999E-001
 7.75   4.269E-032   9.491E-025   1.408E-018   5.296E-013   2.706E-008   1.530E-004   9.998E-001
 7.74   5.042E-032   1.091E-024   1.576E-018   5.771E-013   2.870E-008   1.574E-004   9.998E-001
 7.73   5.954E-032   1.255E-024   1.763E-018   6.289E-013   3.043E-008   1.620E-004   9.998E-001
 7.72   7.033E-032   1.443E-024   1.974E-018   6.855E-013   3.228E-008   1.667E-004   9.998E-001
 7.71   8.309E-032   1.659E-024   2.210E-018   7.472E-013   3.424E-008   1.716E-004   9.998E-001
 7.70   9.816E-032   1.908E-024   2.474E-018   8.145E-013   3.632E-008   1.766E-004   9.998E-001
 7.69   1.160E-031   2.194E-024   2.770E-018   8.878E-013   3.853E-008   1.817E-004   9.998E-001
 7.68   1.370E-031   2.524E-024   3.101E-018   9.679E-013   4.088E-008   1.870E-004   9.998E-001
 7.67   1.619E-031   2.903E-024   3.472E-018   1.055E-012   4.338E-008   1.924E-004   9.998E-001
 7.66   1.914E-031   3.340E-024   3.888E-018   1.151E-012   4.603E-008   1.980E-004   9.998E-001
 7.65   2.263E-031   3.844E-024   4.355E-018   1.255E-012   4.884E-008   2.037E-004   9.998E-001
 7.64   2.677E-031   4.424E-024   4.880E-018   1.369E-012   5.184E-008   2.097E-004   9.998E-001
 7.63   3.166E-031   5.094E-024   5.468E-018   1.493E-012   5.503E-008   2.158E-004   9.998E-001
 7.62   3.747E-031   5.866E-024   6.128E-018   1.629E-012   5.841E-008   2.221E-004   9.998E-001
 7.61   4.435E-031   6.756E-024   6.869E-018   1.777E-012   6.202E-008   2.286E-004   9.998E-001
 7.60   5.249E-031   7.783E-024   7.700E-018   1.940E-012   6.585E-008   2.352E-004   9.998E-001
 7.59   6.215E-031   8.966E-024   8.632E-018   2.117E-012   6.992E-008   2.421E-004   9.998E-001
 7.58   7.359E-031   1.033E-023   9.678E-018   2.310E-012   7.426E-008   2.492E-004   9.998E-001
 7.57   8.715E-031   1.191E-023   1.085E-017   2.522E-012   7.887E-008   2.565E-004   9.997E-001
 7.56   1.032E-030   1.372E-023   1.217E-017   2.753E-012   8.378E-008   2.640E-004   9.997E-001
 7.55   1.223E-030   1.582E-023   1.365E-017   3.006E-012   8.901E-008   2.718E-004   9.997E-001
 7.54   1.450E-030   1.824E-023   1.532E-017   3.283E-012   9.458E-008   2.798E-004   9.997E-001
 7.53   1.719E-030   2.104E-023   1.719E-017   3.586E-012   1.005E-007   2.881E-004   9.997E-001
 7.52   2.038E-030   2.427E-023   1.929E-017   3.917E-012   1.069E-007   2.967E-004   9.997E-001
 7.51   2.417E-030   2.801E-023   2.166E-017   4.280E-012   1.136E-007   3.055E-004   9.997E-001
 7.50   2.868E-030   3.233E-023   2.432E-017   4.678E-012   1.208E-007   3.146E-004   9.997E-001
 7.49   3.403E-030   3.732E-023   2.732E-017   5.114E-012   1.285E-007   3.240E-004   9.997E-001
 7.48   4.040E-030   4.309E-023   3.069E-017   5.591E-012   1.367E-007   3.337E-004   9.997E-001
 7.47   4.797E-030   4.977E-023   3.448E-017   6.114E-012   1.454E-007   3.438E-004   9.997E-001
 7.46   5.697E-030   5.749E-023   3.875E-017   6.687E-012   1.547E-007   3.541E-004   9.996E-001
 7.45   6.766E-030   6.643E-023   4.355E-017   7.314E-012   1.646E-007   3.648E-004   9.996E-001
 7.44   8.039E-030   7.675E-023   4.896E-017   8.001E-012   1.752E-007   3.758E-004   9.996E-001
 7.43   9.552E-030   8.871E-023   5.504E-017   8.754E-012   1.865E-007   3.871E-004   9.996E-001
 7.42   1.135E-029   1.025E-022   6.189E-017   9.579E-012   1.986E-007   3.989E-004   9.996E-001
 7.41   1.350E-029   1.186E-022   6.961E-017   1.048E-011   2.115E-007   4.111E-004   9.996E-001
 7.40   1.606E-029   1.372E-022   7.833E-017   1.148E-011   2.253E-007   4.237E-004   9.996E-001
 7.39   1.911E-029   1.587E-022   8.816E-017   1.257E-011   2.401E-007   4.367E-004   9.996E-001
 7.38   2.275E-029   1.838E-022   9.926E-017   1.377E-011   2.559E-007   4.502E-004   9.995E-001
 7.37   2.710E-029   2.128E-022   1.118E-016   1.509E-011   2.728E-007   4.642E-004   9.995E-001
 7.36   3.229E-029   2.466E-022   1.259E-016   1.654E-011   2.909E-007   4.787E-004   9.995E-001
 7.35   3.848E-029   2.857E-022   1.419E-016   1.814E-011   3.103E-007   4.937E-004   9.995E-001
 7.34   4.586E-029   3.311E-022   1.599E-016   1.988E-011   3.309E-007   5.092E-004   9.995E-001
 7.33   5.468E-029   3.838E-022   1.802E-016   2.180E-011   3.531E-007   5.252E-004   9.995E-001
 7.32   6.522E-029   4.450E-022   2.032E-016   2.392E-011   3.768E-007   5.418E-004   9.995E-001
 7.31   7.780E-029   5.161E-022   2.292E-016   2.624E-011   4.021E-007   5.589E-004   9.994E-001
 7.30   9.284E-029   5.986E-022   2.585E-016   2.879E-011   4.293E-007   5.767E-004   9.994E-001
 7.29   1.108E-028   6.947E-022   2.916E-016   3.159E-011   4.585E-007   5.951E-004   9.994E-001
 7.28   1.323E-028   8.063E-022   3.291E-016   3.468E-011   4.898E-007   6.142E-004   9.994E-001
 7.27   1.581E-028   9.363E-022   3.715E-016   3.809E-011   5.233E-007   6.340E-004   9.994E-001
 7.26   1.889E-028   1.088E-021   4.195E-016   4.184E-011   5.593E-007   6.546E-004   9.993E-001
 7.25   2.259E-028   1.264E-021   4.739E-016   4.597E-011   5.980E-007   6.759E-004   9.993E-001
 7.24   2.702E-028   1.469E-021   5.355E-016   5.053E-011   6.396E-007   6.982E-004   9.993E-001
 7.23   3.234E-028   1.709E-021   6.054E-016   5.556E-011   6.844E-007   7.213E-004   9.993E-001
 7.22   3.872E-028   1.988E-021   6.846E-016   6.110E-011   7.325E-007   7.453E-004   9.993E-001
 7.21   4.638E-028   2.314E-021   7.745E-016   6.723E-011   7.842E-007   7.702E-004   9.992E-001
 7.20   5.557E-028   2.695E-021   8.764E-016   7.399E-011   8.399E-007   7.962E-004   9.992E-001
 7.19   6.662E-028   3.139E-021   9.922E-016   8.146E-011   8.999E-007   8.232E-004   9.992E-001
 7.18   7.988E-028   3.657E-021   1.124E-015   8.971E-011   9.644E-007   8.513E-004   9.991E-001
 7.17   9.582E-028   4.263E-021   1.273E-015   9.883E-011   1.034E-006   8.805E-004   9.991E-001
 7.16   1.150E-027   4.970E-021   1.442E-015   1.089E-010   1.109E-006   9.109E-004   9.991E-001
 7.15   1.381E-027   5.797E-021   1.634E-015   1.200E-010   1.189E-006   9.425E-004   9.991E-001
 7.14   1.658E-027   6.764E-021   1.853E-015   1.323E-010   1.276E-006   9.754E-004   9.990E-001
 7.13   1.992E-027   7.896E-021   2.101E-015   1.459E-010   1.370E-006   1.010E-003   9.990E-001
 7.12   2.395E-027   9.220E-021   2.384E-015   1.610E-010   1.471E-006   1.045E-003   9.990E-001
 7.11   2.881E-027   1.077E-020   2.706E-015   1.776E-010   1.580E-006   1.082E-003   9.989E-001
 7.10   3.466E-027   1.259E-020   3.072E-015   1.961E-010   1.698E-006   1.121E-003   9.989E-001
 7.09   4.173E-027   1.472E-020   3.490E-015   2.166E-010   1.826E-006   1.161E-003   9.988E-001
 7.08   5.027E-027   1.722E-020   3.966E-015   2.393E-010   1.964E-006   1.204E-003   9.988E-001
 7.07   6.059E-027   2.016E-020   4.509E-015   2.645E-010   2.113E-006   1.248E-003   9.988E-001
 7.06   7.307E-027   2.361E-020   5.129E-015   2.925E-010   2.276E-006   1.294E-003   9.987E-001
 7.05   8.817E-027   2.766E-020   5.836E-015   3.236E-010   2.451E-006   1.342E-003   9.987E-001
 7.04   1.064E-026   3.242E-020   6.644E-015   3.581E-010   2.642E-006   1.393E-003   9.986E-001
 7.03   1.286E-026   3.802E-020   7.567E-015   3.965E-010   2.848E-006   1.446E-003   9.986E-001
 7.02   1.554E-026   4.461E-020   8.622E-015   4.391E-010   3.072E-006   1.501E-003   9.985E-001
 7.01   1.878E-026   5.237E-020   9.827E-015   4.865E-010   3.315E-006   1.559E-003   9.984E-001
 7.00   2.272E-026   6.150E-020   1.121E-014   5.392E-010   3.578E-006   1.620E-003   9.984E-001
 6.99   2.750E-026   7.226E-020   1.278E-014   5.978E-010   3.865E-006   1.683E-003   9.983E-001
 6.98   3.329E-026   8.493E-020   1.459E-014   6.631E-010   4.176E-006   1.749E-003   9.982E-001
 6.97   4.033E-026   9.988E-020   1.665E-014   7.358E-010   4.514E-006   1.819E-003   9.982E-001
 6.96   4.889E-026   1.175E-019   1.902E-014   8.167E-010   4.882E-006   1.892E-003   9.981E-001
 6.95   5.929E-026   1.383E-019   2.173E-014   9.070E-010   5.283E-006   1.968E-003   9.980E-001
 6.94   7.197E-026   1.630E-019   2.484E-014   1.008E-009   5.719E-006   2.049E-003   9.979E-001
 6.93   8.741E-026   1.921E-019   2.842E-014   1.120E-009   6.196E-006   2.133E-003   9.979E-001
 6.92   1.062E-025   2.265E-019   3.252E-014   1.246E-009   6.715E-006   2.222E-003   9.978E-001
 6.91   1.292E-025   2.672E-019   3.723E-014   1.386E-009   7.282E-006   2.315E-003   9.977E-001
 6.90   1.571E-025   3.154E-019   4.264E-014   1.543E-009   7.901E-006   2.413E-003   9.976E-001
 6.89   1.912E-025   3.725E-019   4.887E-014   1.718E-009   8.578E-006   2.517E-003   9.975E-001
 6.88   2.328E-025   4.401E-019   5.602E-014   1.913E-009   9.317E-006   2.625E-003   9.974E-001
 6.87   2.837E-025   5.203E-019   6.426E-014   2.132E-009   1.013E-005   2.740E-003   9.972E-001
 6.86   3.458E-025   6.155E-019   7.375E-014   2.378E-009   1.101E-005   2.861E-003   9.971E-001
 6.85   4.219E-025   7.286E-019   8.469E-014   2.653E-009   1.198E-005   2.988E-003   9.970E-001
 6.84   5.151E-025   8.630E-019   9.732E-014   2.962E-009   1.305E-005   3.123E-003   9.969E-001
 6.83   6.295E-025   1.023E-018   1.119E-013   3.308E-009   1.422E-005   3.265E-003   9.967E-001
 6.82   7.698E-025   1.213E-018   1.287E-013   3.697E-009   1.551E-005   3.415E-003   9.966E-001
 6.81   9.420E-025   1.440E-018   1.481E-013   4.133E-009   1.692E-005   3.574E-003   9.964E-001
 6.80   1.154E-024   1.710E-018   1.706E-013   4.624E-009   1.847E-005   3.742E-003   9.962E-001
 6.79   1.413E-024   2.031E-018   1.966E-013   5.175E-009   2.018E-005   3.919E-003   9.961E-001
 6.78   1.733E-024   2.414E-018   2.266E-013   5.794E-009   2.206E-005   4.108E-003   9.959E-001
 6.77   2.126E-024   2.872E-018   2.614E-013   6.491E-009   2.413E-005   4.307E-003   9.957E-001
 6.76   2.610E-024   3.418E-018   3.016E-013   7.276E-009   2.641E-005   4.518E-003   9.955E-001
 6.75   3.206E-024   4.071E-018   3.483E-013   8.160E-009   2.894E-005   4.742E-003   9.952E-001
 6.74   3.942E-024   4.852E-018   4.025E-013   9.157E-009   3.172E-005   4.980E-003   9.950E-001
 6.73   4.849E-024   5.788E-018   4.654E-013   1.028E-008   3.480E-005   5.233E-003   9.947E-001
 6.72   5.971E-024   6.909E-018   5.385E-013   1.155E-008   3.822E-005   5.502E-003   9.945E-001
 6.71   7.357E-024   8.252E-018   6.235E-013   1.299E-008   4.199E-005   5.788E-003   9.942E-001
 6.70   9.072E-024   9.863E-018   7.224E-013   1.461E-008   4.618E-005   6.093E-003   9.939E-001
 6.69   1.120E-023   1.180E-017   8.374E-013   1.644E-008   5.083E-005   6.418E-003   9.935E-001
 6.68   1.383E-023   1.412E-017   9.714E-013   1.852E-008   5.599E-005   6.765E-003   9.932E-001
 6.67   1.709E-023   1.691E-017   1.128E-012   2.087E-008   6.173E-005   7.134E-003   9.928E-001
 6.66   2.115E-023   2.027E-017   1.310E-012   2.353E-008   6.812E-005   7.529E-003   9.924E-001
 6.65   2.618E-023   2.432E-017   1.523E-012   2.656E-008   7.523E-005   7.950E-003   9.920E-001
 6.64   3.245E-023   2.921E-017   1.772E-012   2.999E-008   8.315E-005   8.401E-003   9.915E-001
 6.63   4.026E-023   3.510E-017   2.063E-012   3.389E-008   9.200E-005   8.883E-003   9.910E-001
 6.62   4.998E-023   4.222E-017   2.404E-012   3.832E-008   1.019E-004   9.398E-003   9.905E-001
 6.61   6.211E-023   5.082E-017   2.803E-012   4.336E-008   1.129E-004   9.950E-003   9.899E-001
 6.60   7.723E-023   6.122E-017   3.271E-012   4.909E-008   1.253E-004   1.054E-002   9.893E-001
 6.59   9.610E-023   7.379E-017   3.819E-012   5.562E-008   1.391E-004   1.118E-002   9.887E-001
 6.58   1.197E-022   8.901E-017   4.463E-012   6.305E-008   1.546E-004   1.186E-002   9.880E-001
 6.57   1.492E-022   1.075E-016   5.218E-012   7.152E-008   1.720E-004   1.260E-002   9.872E-001
 6.56   1.861E-022   1.298E-016   6.107E-012   8.119E-008   1.915E-004   1.339E-002   9.864E-001
 6.55   2.324E-022   1.570E-016   7.153E-012   9.223E-008   2.135E-004   1.424E-002   9.856E-001
 6.54   2.906E-022   1.901E-016   8.386E-012   1.049E-007   2.382E-004   1.515E-002   9.846E-001
 6.53   3.638E-022   2.303E-016   9.840E-012   1.193E-007   2.661E-004   1.614E-002   9.836E-001
 6.52   4.558E-022   2.794E-016   1.156E-011   1.359E-007   2.976E-004   1.721E-002   9.825E-001
 6.51   5.718E-022   3.392E-016   1.358E-011   1.548E-007   3.332E-004   1.836E-002   9.813E-001
 6.50   7.180E-022   4.123E-016   1.598E-011   1.766E-007   3.734E-004   1.961E-002   9.800E-001
 6.49   9.025E-022   5.015E-016   1.882E-011   2.016E-007   4.190E-004   2.096E-002   9.786E-001
 6.48   1.136E-021   6.108E-016   2.218E-011   2.303E-007   4.708E-004   2.243E-002   9.771E-001
 6.47   1.430E-021   7.446E-016   2.618E-011   2.633E-007   5.296E-004   2.402E-002   9.755E-001
 6.46   1.804E-021   9.088E-016   3.092E-011   3.013E-007   5.964E-004   2.575E-002   9.737E-001
 6.45   2.278E-021   1.110E-015   3.656E-011   3.451E-007   6.726E-004   2.763E-002   9.717E-001
 6.44   2.880E-021   1.358E-015   4.327E-011   3.957E-007   7.595E-004   2.968E-002   9.696E-001
 6.43   3.646E-021   1.664E-015   5.127E-011   4.541E-007   8.587E-004   3.190E-002   9.672E-001
 6.42   4.622E-021   2.041E-015   6.083E-011   5.216E-007   9.722E-004   3.433E-002   9.647E-001
 6.41   5.866E-021   2.505E-015   7.223E-011   5.998E-007   1.102E-003   3.698E-002   9.619E-001
 6.40   7.453E-021   3.079E-015   8.587E-011   6.902E-007   1.251E-003   3.986E-002   9.589E-001
 6.39   9.481E-021   3.788E-015   1.022E-010   7.948E-007   1.422E-003   4.300E-002   9.556E-001
 6.38   1.207E-020   4.666E-015   1.217E-010   9.160E-007   1.617E-003   4.643E-002   9.520E-001
 6.37   1.539E-020   5.752E-015   1.450E-010   1.056E-006   1.842E-003   5.016E-002   9.480E-001
 6.36   1.963E-020   7.097E-015   1.730E-010   1.219E-006   2.100E-003   5.422E-002   9.437E-001
 6.35   2.507E-020   8.760E-015   2.065E-010   1.407E-006   2.396E-003   5.863E-002   9.390E-001
 6.34   3.203E-020   1.082E-014   2.465E-010   1.624E-006   2.735E-003   6.343E-002   9.338E-001
 6.33   4.094E-020   1.337E-014   2.943E-010   1.875E-006   3.124E-003   6.862E-002   9.283E-001
 6.32   5.235E-020   1.653E-014   3.516E-010   2.164E-006   3.570E-003   7.426E-002   9.222E-001
 6.31   6.698E-020   2.044E-014   4.200E-010   2.498E-006   4.083E-003   8.036E-002   9.155E-001
 6.30   8.574E-020   2.529E-014   5.019E-010   2.884E-006   4.670E-003   8.698E-002   9.083E-001
 6.29   1.098E-019   3.129E-014   5.999E-010   3.329E-006   5.345E-003   9.415E-002   9.005E-001
 6.28   1.406E-019   3.872E-014   7.170E-010   3.843E-006   6.120E-003   1.019E-001   8.920E-001
 6.27   1.802E-019   4.793E-014   8.571E-010   4.434E-006   7.008E-003   1.103E-001   8.827E-001
 6.26   2.309E-019   5.933E-014   1.024E-009   5.114E-006   8.027E-003   1.193E-001   8.726E-001
 6.25   2.958E-019   7.343E-014   1.224E-009   5.896E-006   9.193E-003   1.291E-001   8.617E-001
 6.24   3.790E-019   9.087E-014   1.462E-009   6.793E-006   1.053E-002   1.395E-001   8.499E-001
 6.23   4.854E-019   1.124E-013   1.745E-009   7.820E-006   1.205E-002   1.507E-001   8.372E-001
 6.22   6.214E-019   1.390E-013   2.082E-009   8.994E-006   1.379E-002   1.627E-001   8.235E-001
 6.21   7.950E-019   1.717E-013   2.482E-009   1.033E-005   1.577E-002   1.755E-001   8.087E-001
 6.20   1.016E-018   2.120E-013   2.956E-009   1.186E-005   1.803E-002   1.891E-001   7.928E-001
 6.19   1.298E-018   2.616E-013   3.517E-009   1.358E-005   2.059E-002   2.035E-001   7.759E-001
 6.18   1.657E-018   3.223E-013   4.178E-009   1.554E-005   2.349E-002   2.187E-001   7.578E-001
 6.17   2.112E-018   3.966E-013   4.957E-009   1.774E-005   2.676E-002   2.346E-001   7.386E-001
 6.16   2.687E-018   4.873E-013   5.871E-009   2.022E-005   3.045E-002   2.512E-001   7.183E-001
 6.15   3.415E-018   5.977E-013   6.941E-009   2.300E-005   3.460E-002   2.684E-001   6.970E-001
 6.14   4.332E-018   7.316E-013   8.189E-009   2.609E-005   3.924E-002   2.861E-001   6.747E-001
 6.13   5.484E-018   8.938E-013   9.640E-009   2.952E-005   4.440E-002   3.041E-001   6.515E-001
 6.12   6.929E-018   1.089E-012   1.132E-008   3.332E-005   5.014E-002   3.223E-001   6.275E-001
 6.11   8.734E-018   1.325E-012   1.326E-008   3.749E-005   5.649E-002   3.406E-001   6.029E-001
 6.10   1.098E-017   1.607E-012   1.549E-008   4.206E-005   6.348E-002   3.588E-001   5.777E-001
 6.09   1.378E-017   1.945E-012   1.806E-008   4.704E-005   7.116E-002   3.766E-001   5.522E-001
 6.08   1.724E-017   2.348E-012   2.098E-008   5.245E-005   7.954E-002   3.939E-001   5.265E-001
 6.07   2.152E-017   2.826E-012   2.431E-008   5.829E-005   8.866E-002   4.106E-001   5.007E-001
 6.06   2.678E-017   3.392E-012   2.809E-008   6.456E-005   9.854E-002   4.263E-001   4.751E-001
 6.05   3.324E-017   4.060E-012   3.236E-008   7.125E-005   1.092E-001   4.411E-001   4.497E-001
 6.04   4.113E-017   4.845E-012   3.715E-008   7.837E-005   1.206E-001   4.547E-001   4.247E-001
 6.03   5.075E-017   5.764E-012   4.253E-008   8.589E-005   1.327E-001   4.669E-001   4.002E-001
 6.02   6.245E-017   6.838E-012   4.854E-008   9.381E-005   1.457E-001   4.778E-001   3.764E-001
 6.01   7.662E-017   8.088E-012   5.522E-008   1.021E-004   1.593E-001   4.872E-001   3.534E-001
 6.00   9.376E-017   9.540E-012   6.263E-008   1.107E-004   1.737E-001   4.951E-001   3.311E-001
 5.99   1.145E-016   1.122E-011   7.084E-008   1.197E-004   1.887E-001   5.014E-001   3.098E-001
 5.98   1.394E-016   1.316E-011   7.989E-008   1.290E-004   2.044E-001   5.062E-001   2.893E-001
 5.97   1.693E-016   1.540E-011   8.986E-008   1.385E-004   2.207E-001   5.094E-001   2.698E-001
 5.96   2.051E-016   1.798E-011   1.008E-007   1.483E-004   2.376E-001   5.111E-001   2.512E-001
 5.95   2.481E-016   2.095E-011   1.128E-007   1.584E-004   2.550E-001   5.113E-001   2.336E-001
 5.94   2.993E-016   2.435E-011   1.260E-007   1.687E-004   2.729E-001   5.101E-001   2.169E-001
 5.93   3.605E-016   2.825E-011   1.405E-007   1.792E-004   2.911E-001   5.075E-001   2.011E-001
 5.92   4.335E-016   3.271E-011   1.563E-007   1.900E-004   3.098E-001   5.037E-001   1.863E-001
 5.91   5.204E-016   3.783E-011   1.735E-007   2.009E-004   3.286E-001   4.988E-001   1.724E-001
 5.90   6.241E-016   4.369E-011   1.924E-007   2.121E-004   3.477E-001   4.927E-001   1.593E-001
 5.89   7.477E-016   5.039E-011   2.131E-007   2.234E-004   3.670E-001   4.857E-001   1.471E-001
 5.88   8.951E-016   5.808E-011   2.357E-007   2.350E-004   3.862E-001   4.778E-001   1.357E-001
 5.87   1.071E-015   6.688E-011   2.605E-007   2.468E-004   4.055E-001   4.691E-001   1.251E-001
 5.86   1.281E-015   7.699E-011   2.877E-007   2.589E-004   4.247E-001   4.598E-001   1.153E-001
 5.85   1.532E-015   8.859E-011   3.175E-007   2.714E-004   4.436E-001   4.499E-001   1.062E-001
 5.84   1.832E-015   1.019E-010   3.504E-007   2.842E-004   4.624E-001   4.396E-001   9.775E-002
 5.83   2.191E-015   1.173E-010   3.867E-007   2.974E-004   4.808E-001   4.289E-001   8.999E-002
 5.82   2.622E-015   1.351E-010   4.268E-007   3.112E-004   4.988E-001   4.180E-001   8.286E-002
 5.81   3.139E-015   1.556E-010   4.713E-007   3.256E-004   5.164E-001   4.070E-001   7.632E-002
 5.80   3.762E-015   1.794E-010   5.207E-007   3.406E-004   5.335E-001   3.958E-001   7.034E-002
 5.79   4.514E-015   2.070E-010   5.757E-007   3.564E-004   5.501E-001   3.847E-001   6.486E-002
 5.78   5.423E-015   2.392E-010   6.371E-007   3.731E-004   5.661E-001   3.737E-001   5.986E-002
 5.77   6.525E-015   2.767E-010   7.059E-007   3.909E-004   5.816E-001   3.627E-001   5.530E-002
 5.76   7.865E-015   3.207E-010   7.833E-007   4.099E-004   5.965E-001   3.519E-001   5.113E-002
 5.75   9.500E-015   3.724E-010   8.706E-007   4.303E-004   6.109E-001   3.413E-001   4.732E-002
 5.74   1.150E-014   4.334E-010   9.695E-007   4.523E-004   6.248E-001   3.309E-001   4.383E-002
 5.73   1.395E-014   5.055E-010   1.082E-006   4.760E-004   6.381E-001   3.208E-001   4.064E-002
 5.72   1.697E-014   5.909E-010   1.210E-006   5.017E-004   6.509E-001   3.109E-001   3.771E-002
 5.71   2.070E-014   6.925E-010   1.356E-006   5.296E-004   6.633E-001   3.012E-001   3.503E-002
 5.70   2.531E-014   8.136E-010   1.522E-006   5.600E-004   6.751E-001   2.917E-001   3.256E-002
 5.69   3.102E-014   9.582E-010   1.714E-006   5.932E-004   6.866E-001   2.826E-001   3.028E-002
 5.68   3.813E-014   1.131E-009   1.933E-006   6.293E-004   6.976E-001   2.736E-001   2.818E-002
 5.67   4.699E-014   1.339E-009   2.186E-006   6.688E-004   7.082E-001   2.649E-001   2.623E-002
 5.66   5.807E-014   1.590E-009   2.478E-006   7.119E-004   7.184E-001   2.564E-001   2.444E-002
 5.65   7.195E-014   1.892E-009   2.815E-006   7.591E-004   7.283E-001   2.482E-001   2.278E-002
 5.64   8.940E-014   2.257E-009   3.206E-006   8.108E-004   7.378E-001   2.402E-001   2.123E-002
 5.63   1.114E-013   2.700E-009   3.658E-006   8.673E-004   7.469E-001   2.324E-001   1.981E-002
 5.62   1.391E-013   3.238E-009   4.185E-006   9.293E-004   7.557E-001   2.249E-001   1.849E-002
 5.61   1.743E-013   3.894E-009   4.797E-006   9.971E-004   7.641E-001   2.177E-001   1.727E-002
 5.60   2.188E-013   4.693E-009   5.510E-006   1.071E-003   7.721E-001   2.107E-001   1.614E-002
 5.59   2.754E-013   5.669E-009   6.343E-006   1.153E-003   7.798E-001   2.040E-001   1.510E-002
 5.58   3.475E-013   6.865E-009   7.317E-006   1.242E-003   7.871E-001   1.975E-001   1.414E-002
 5.57   4.395E-013   8.332E-009   8.457E-006   1.340E-003   7.940E-001   1.914E-001   1.326E-002
 5.56   5.572E-013   1.014E-008   9.792E-006   1.448E-003   8.005E-001   1.855E-001   1.246E-002
 5.55   7.082E-013   1.236E-008   1.136E-005   1.566E-003   8.067E-001   1.800E-001   1.172E-002
 5.54   9.020E-013   1.510E-008   1.321E-005   1.695E-003   8.125E-001   1.747E-001   1.104E-002
 5.53   1.151E-012   1.849E-008   1.538E-005   1.836E-003   8.180E-001   1.697E-001   1.043E-002
 5.52   1.473E-012   2.269E-008   1.794E-005   1.992E-003   8.231E-001   1.651E-001   9.861E-003
 5.51   1.889E-012   2.791E-008   2.096E-005   2.162E-003   8.278E-001   1.606E-001   9.347E-003
 5.50   2.428E-012   3.440E-008   2.454E-005   2.350E-003   8.323E-001   1.565E-001   8.877E-003
 5.49   3.127E-012   4.249E-008   2.878E-005   2.555E-003   8.364E-001   1.526E-001   8.448E-003
 5.48   4.036E-012   5.258E-008   3.380E-005   2.781E-003   8.402E-001   1.489E-001   8.055E-003
 5.47   5.220E-012   6.518E-008   3.977E-005   3.029E-003   8.438E-001   1.455E-001   7.695E-003
 5.46   6.764E-012   8.096E-008   4.685E-005   3.300E-003   8.471E-001   1.422E-001   7.364E-003
 5.45   8.780E-012   1.007E-007   5.527E-005   3.598E-003   8.501E-001   1.392E-001   7.060E-003
 5.44   1.142E-011   1.256E-007   6.530E-005   3.925E-003   8.529E-001   1.363E-001   6.780E-003
 5.43   1.488E-011   1.568E-007   7.724E-005   4.283E-003   8.556E-001   1.336E-001   6.521E-003
 5.42   1.942E-011   1.960E-007   9.148E-005   4.675E-003   8.580E-001   1.310E-001   6.280E-003
 5.41   2.539E-011   2.455E-007   1.085E-004   5.106E-003   8.602E-001   1.285E-001   6.057E-003
 5.40   3.324E-011   3.080E-007   1.288E-004   5.577E-003   8.622E-001   1.262E-001   5.849E-003
 5.39   4.360E-011   3.870E-007   1.530E-004   6.093E-003   8.641E-001   1.240E-001   5.654E-003
 5.38   5.728E-011   4.869E-007   1.820E-004   6.658E-003   8.658E-001   1.219E-001   5.472E-003
 5.37   7.536E-011   6.135E-007   2.168E-004   7.275E-003   8.673E-001   1.199E-001   5.301E-003
 5.36   9.925E-011   7.738E-007   2.583E-004   7.950E-003   8.687E-001   1.179E-001   5.140E-003
 5.35   1.309E-010   9.771E-007   3.081E-004   8.686E-003   8.699E-001   1.161E-001   4.988E-003
 5.34   1.727E-010   1.235E-006   3.675E-004   9.489E-003   8.710E-001   1.143E-001   4.843E-003
 5.33   2.282E-010   1.561E-006   4.386E-004   1.036E-002   8.719E-001   1.126E-001   4.707E-003
 5.32   3.016E-010   1.976E-006   5.236E-004   1.131E-002   8.727E-001   1.109E-001   4.577E-003
 5.31   3.989E-010   2.502E-006   6.251E-004   1.234E-002   8.733E-001   1.093E-001   4.453E-003
 5.30   5.278E-010   3.169E-006   7.463E-004   1.345E-002   8.737E-001   1.078E-001   4.335E-003
 5.29   6.989E-010   4.015E-006   8.910E-004   1.465E-002   8.740E-001   1.063E-001   4.221E-003
 5.28   9.255E-010   5.088E-006   1.063E-003   1.594E-002   8.741E-001   1.048E-001   4.113E-003
 5.27   1.226E-009   6.448E-006   1.268E-003   1.732E-002   8.740E-001   1.034E-001   4.008E-003
 5.26   1.624E-009   8.172E-006   1.512E-003   1.880E-002   8.738E-001   1.020E-001   3.908E-003
 5.25   2.151E-009   1.035E-005   1.802E-003   2.037E-002   8.734E-001   1.006E-001   3.811E-003
 5.24   2.847E-009   1.311E-005   2.144E-003   2.204E-002   8.728E-001   9.926E-002   3.717E-003
 5.23   3.767E-009   1.659E-005   2.549E-003   2.379E-002   8.721E-001   9.794E-002   3.626E-003
 5.22   4.979E-009   2.098E-005   3.025E-003   2.563E-002   8.711E-001   9.665E-002   3.538E-003
 5.21   6.577E-009   2.650E-005   3.586E-003   2.755E-002   8.700E-001   9.539E-002   3.452E-003
 5.20   8.678E-009   3.344E-005   4.243E-003   2.953E-002   8.687E-001   9.413E-002   3.369E-003
 5.19   1.144E-008   4.214E-005   5.010E-003   3.157E-002   8.672E-001   9.290E-002   3.287E-003
 5.18   1.506E-008   5.304E-005   5.905E-003   3.366E-002   8.655E-001   9.167E-002   3.208E-003
 5.17   1.979E-008   6.664E-005   6.943E-003   3.578E-002   8.636E-001   9.046E-002   3.130E-003
 5.16   2.597E-008   8.357E-005   8.144E-003   3.791E-002   8.616E-001   8.926E-002   3.054E-003
 5.15   3.400E-008   1.046E-004   9.526E-003   4.003E-002   8.593E-001   8.807E-002   2.979E-003
 5.14   4.442E-008   1.306E-004   1.111E-002   4.212E-002   8.569E-001   8.688E-002   2.906E-003
 5.13   5.788E-008   1.626E-004   1.292E-002   4.417E-002   8.542E-001   8.570E-002   2.834E-003
 5.12   7.522E-008   2.019E-004   1.497E-002   4.614E-002   8.514E-001   8.452E-002   2.763E-003
 5.11   9.749E-008   2.501E-004   1.728E-002   4.802E-002   8.484E-001   8.334E-002   2.693E-003
 5.10   1.260E-007   3.088E-004   1.988E-002   4.977E-002   8.452E-001   8.217E-002   2.624E-003
 5.09   1.623E-007   3.801E-004   2.278E-002   5.139E-002   8.419E-001   8.099E-002   2.556E-003
 5.08   2.086E-007   4.664E-004   2.601E-002   5.283E-002   8.384E-001   7.981E-002   2.489E-003
 5.07   2.670E-007   5.703E-004   2.957E-002   5.409E-002   8.347E-001   7.864E-002   2.422E-003
 5.06   3.408E-007   6.949E-004   3.347E-002   5.515E-002   8.309E-001   7.746E-002   2.357E-003
 5.05   4.334E-007   8.437E-004   3.773E-002   5.599E-002   8.269E-001   7.628E-002   2.292E-003
 5.04   5.489E-007   1.020E-003   4.233E-002   5.661E-002   8.227E-001   7.510E-002   2.228E-003
 5.03   6.928E-007   1.229E-003   4.729E-002   5.699E-002   8.184E-001   7.392E-002   2.165E-003
 5.02   8.714E-007   1.475E-003   5.258E-002   5.715E-002   8.140E-001   7.273E-002   2.103E-003
 5.01   1.092E-006   1.763E-003   5.819E-002   5.707E-002   8.094E-001   7.154E-002   2.042E-003
 5.00   1.362E-006   2.099E-003   6.409E-002   5.678E-002   8.047E-001   7.036E-002   1.981E-003
 4.99   1.694E-006   2.490E-003   7.027E-002   5.628E-002   7.999E-001   6.917E-002   1.921E-003
 4.98   2.098E-006   2.942E-003   7.669E-002   5.560E-002   7.949E-001   6.798E-002   1.862E-003
 4.97   2.589E-006   3.463E-003   8.331E-002   5.474E-002   7.899E-001   6.680E-002   1.805E-003
 4.96   3.185E-006   4.063E-003   9.009E-002   5.374E-002   7.847E-001   6.562E-002   1.748E-003
 4.95   3.904E-006   4.749E-003   9.699E-002   5.263E-002   7.795E-001   6.444E-002   1.692E-003
 4.94   4.769E-006   5.531E-003   1.040E-001   5.142E-002   7.742E-001   6.326E-002   1.637E-003
 4.93   5.805E-006   6.420E-003   1.110E-001   5.014E-002   7.688E-001   6.209E-002   1.583E-003
 4.92   7.045E-006   7.428E-003   1.180E-001   4.881E-002   7.633E-001   6.092E-002   1.531E-003
 4.91   8.527E-006   8.570E-003   1.250E-001   4.747E-002   7.577E-001   5.976E-002   1.479E-003
 4.90   1.029E-005   9.856E-003   1.318E-001   4.613E-002   7.521E-001   5.861E-002   1.429E-003
 4.89   1.238E-005   1.130E-002   1.386E-001   4.480E-002   7.465E-001   5.747E-002   1.380E-003
 4.88   1.486E-005   1.293E-002   1.451E-001   4.351E-002   7.407E-001   5.633E-002   1.332E-003
 4.87   1.779E-005   1.475E-002   1.515E-001   4.226E-002   7.350E-001   5.521E-002   1.285E-003
 4.86   2.125E-005   1.678E-002   1.576E-001   4.108E-002   7.291E-001   5.409E-002   1.240E-003
 4.85   2.533E-005   1.905E-002   1.635E-001   3.997E-002   7.233E-001   5.298E-002   1.195E-003
 4.84   3.011E-005   2.156E-002   1.691E-001   3.893E-002   7.173E-001   5.189E-002   1.152E-003
 4.83   3.571E-005   2.436E-002   1.743E-001   3.798E-002   7.114E-001   5.080E-002   1.110E-003
 4.82   4.225E-005   2.744E-002   1.792E-001   3.711E-002   7.054E-001   4.972E-002   1.069E-003
 4.81   4.986E-005   3.082E-002   1.838E-001   3.633E-002   6.993E-001   4.866E-002   1.029E-003
 4.80   5.867E-005   3.453E-002   1.879E-001   3.564E-002   6.933E-001   4.761E-002   9.904E-004
 4.79   6.889E-005   3.858E-002   1.917E-001   3.505E-002   6.871E-001   4.656E-002   9.527E-004
 4.78   8.066E-005   4.298E-002   1.950E-001   3.453E-002   6.810E-001   4.553E-002   9.161E-004
 4.77   9.417E-005   4.774E-002   1.979E-001   3.411E-002   6.748E-001   4.451E-002   8.805E-004
 4.76   1.096E-004   5.286E-002   2.004E-001   3.376E-002   6.685E-001   4.350E-002   8.460E-004
 4.75   1.273E-004   5.835E-002   2.025E-001   3.349E-002   6.622E-001   4.250E-002   8.125E-004
 4.74   1.473E-004   6.422E-002   2.041E-001   3.330E-002   6.559E-001   4.152E-002   7.799E-004
 4.73   1.701E-004   7.045E-002   2.054E-001   3.317E-002   6.496E-001   4.054E-002   7.484E-004
 4.72   1.959E-004   7.704E-002   2.062E-001   3.310E-002   6.432E-001   3.958E-002   7.178E-004
 4.71   2.249E-004   8.396E-002   2.066E-001   3.310E-002   6.368E-001   3.863E-002   6.881E-004
 4.70   2.575E-004   9.121E-002   2.067E-001   3.315E-002   6.303E-001   3.769E-002   6.594E-004
 4.69   2.939E-004   9.875E-002   2.065E-001   3.326E-002   6.238E-001   3.676E-002   6.317E-004
 4.68   3.344E-004   1.066E-001   2.059E-001   3.341E-002   6.173E-001   3.585E-002   6.048E-004
 4.67   3.794E-004   1.146E-001   2.051E-001   3.361E-002   6.108E-001   3.495E-002   5.789E-004
 4.66   4.292E-004   1.228E-001   2.040E-001   3.385E-002   6.042E-001   3.407E-002   5.538E-004
 4.65   4.840E-004   1.312E-001   2.028E-001   3.413E-002   5.977E-001   3.320E-002   5.297E-004
 4.64   5.443E-004   1.397E-001   2.014E-001   3.445E-002   5.911E-001   3.234E-002   5.064E-004
 4.63   6.102E-004   1.482E-001   1.998E-001   3.481E-002   5.846E-001   3.150E-002   4.840E-004
 4.62   6.821E-004   1.568E-001   1.982E-001   3.520E-002   5.780E-001   3.067E-002   4.624E-004
 4.61   7.601E-004   1.654E-001   1.965E-001   3.563E-002   5.714E-001   2.986E-002   4.417E-004
 4.60   8.449E-004   1.739E-001   1.948E-001   3.608E-002   5.649E-001   2.907E-002   4.218E-004
 4.59   9.364E-004   1.824E-001   1.931E-001   3.657E-002   5.583E-001   2.829E-002   4.028E-004
 4.58   1.035E-003   1.907E-001   1.914E-001   3.709E-002   5.518E-001   2.753E-002   3.845E-004
 4.57   1.141E-003   1.990E-001   1.898E-001   3.764E-002   5.453E-001   2.679E-002   3.670E-004
 4.56   1.256E-003   2.070E-001   1.882E-001   3.823E-002   5.389E-001   2.606E-002   3.502E-004
 4.55   1.377E-003   2.149E-001   1.868E-001   3.884E-002   5.325E-001   2.536E-002   3.341E-004
 4.54   1.507E-003   2.225E-001   1.854E-001   3.949E-002   5.261E-001   2.466E-002   3.188E-004
 4.53   1.645E-003   2.300E-001   1.842E-001   4.017E-002   5.197E-001   2.399E-002   3.041E-004
 4.52   1.792E-003   2.372E-001   1.831E-001   4.088E-002   5.134E-001   2.333E-002   2.901E-004
 4.51   1.947E-003   2.441E-001   1.822E-001   4.163E-002   5.071E-001   2.269E-002   2.766E-004
 4.50   2.113E-003   2.508E-001   1.815E-001   4.241E-002   5.009E-001   2.206E-002   2.638E-004
 4.49   2.289E-003   2.573E-001   1.809E-001   4.323E-002   4.946E-001   2.144E-002   2.515E-004
 4.48   2.477E-003   2.635E-001   1.804E-001   4.408E-002   4.884E-001   2.084E-002   2.397E-004
 4.47   2.676E-003   2.695E-001   1.802E-001   4.497E-002   4.822E-001   2.025E-002   2.283E-004
 4.46   2.890E-003   2.752E-001   1.800E-001   4.590E-002   4.760E-001   1.968E-002   2.175E-004
 4.45   3.118E-003   2.808E-001   1.801E-001   4.686E-002   4.699E-001   1.911E-002   2.070E-004
 4.44   3.363E-003   2.861E-001   1.803E-001   4.787E-002   4.637E-001   1.855E-002   1.970E-004
 4.43   3.626E-003   2.912E-001   1.806E-001   4.891E-002   4.575E-001   1.800E-002   1.873E-004
 4.42   3.909E-003   2.961E-001   1.811E-001   5.000E-002   4.512E-001   1.746E-002   1.780E-004
 4.41   4.215E-003   3.009E-001   1.817E-001   5.113E-002   4.449E-001   1.693E-002   1.690E-004
 4.40   4.546E-003   3.055E-001   1.825E-001   5.230E-002   4.386E-001   1.640E-002   1.602E-004
 4.39   4.903E-003   3.100E-001   1.834E-001   5.352E-002   4.322E-001   1.588E-002   1.518E-004
 4.38   5.291E-003   3.144E-001   1.844E-001   5.478E-002   4.257E-001   1.536E-002   1.436E-004
 4.37   5.711E-003   3.187E-001   1.855E-001   5.608E-002   4.191E-001   1.485E-002   1.356E-004
 4.36   6.167E-003   3.229E-001   1.867E-001   5.742E-002   4.124E-001   1.434E-002   1.279E-004
 4.35   6.663E-003   3.270E-001   1.880E-001   5.881E-002   4.055E-001   1.382E-002   1.204E-004
 4.34   7.202E-003   3.311E-001   1.895E-001   6.023E-002   3.986E-001   1.331E-002   1.131E-004
 4.33   7.788E-003   3.352E-001   1.910E-001   6.168E-002   3.914E-001   1.280E-002   1.060E-004
 4.32   8.427E-003   3.393E-001   1.926E-001   6.316E-002   3.841E-001   1.229E-002   9.903E-005
 4.31   9.121E-003   3.434E-001   1.944E-001   6.467E-002   3.766E-001   1.178E-002   9.229E-005
 4.30   9.877E-003   3.475E-001   1.962E-001   6.620E-002   3.689E-001   1.127E-002   8.573E-005
 4.29   1.070E-002   3.517E-001   1.981E-001   6.773E-002   3.609E-001   1.076E-002   7.935E-005
 4.28   1.159E-002   3.560E-001   2.001E-001   6.926E-002   3.527E-001   1.024E-002   7.316E-005
 4.27   1.257E-002   3.604E-001   2.022E-001   7.077E-002   3.443E-001   9.726E-003   6.717E-005
 4.26   1.362E-002   3.650E-001   2.044E-001   7.225E-002   3.355E-001   9.209E-003   6.137E-005
 4.25   1.477E-002   3.697E-001   2.067E-001   7.367E-002   3.265E-001   8.691E-003   5.578E-005
 4.24   1.602E-002   3.746E-001   2.090E-001   7.502E-002   3.171E-001   8.174E-003   5.041E-005
 4.23   1.737E-002   3.798E-001   2.115E-001   7.626E-002   3.074E-001   7.657E-003   4.526E-005
 4.22   1.884E-002   3.853E-001   2.140E-001   7.737E-002   2.974E-001   7.142E-003   4.036E-005
 4.21   2.044E-002   3.911E-001   2.165E-001   7.832E-002   2.870E-001   6.630E-003   3.572E-005
 4.20   2.217E-002   3.972E-001   2.192E-001   7.906E-002   2.763E-001   6.124E-003   3.135E-005
 4.19   2.406E-002   4.038E-001   2.218E-001   7.956E-002   2.652E-001   5.624E-003   2.726E-005
 4.18   2.611E-002   4.108E-001   2.244E-001   7.978E-002   2.537E-001   5.132E-003   2.346E-005
 4.17   2.836E-002   4.183E-001   2.270E-001   7.967E-002   2.419E-001   4.652E-003   1.997E-005
 4.16   3.081E-002   4.264E-001   2.295E-001   7.920E-002   2.298E-001   4.185E-003   1.680E-005
 4.15   3.349E-002   4.352E-001   2.318E-001   7.831E-002   2.174E-001   3.734E-003   1.394E-005
 4.14   3.643E-002   4.446E-001   2.339E-001   7.699E-002   2.048E-001   3.301E-003   1.141E-005
 4.13   3.967E-002   4.547E-001   2.357E-001   7.519E-002   1.919E-001   2.890E-003   9.185E-006
 4.12   4.322E-002   4.656E-001   2.370E-001   7.290E-002   1.788E-001   2.504E-003   7.269E-006
 4.11   4.713E-002   4.773E-001   2.377E-001   7.011E-002   1.656E-001   2.143E-003   5.646E-006
 4.10   5.145E-002   4.897E-001   2.377E-001   6.683E-002   1.524E-001   1.812E-003   4.296E-006
 4.09   5.623E-002   5.030E-001   2.369E-001   6.310E-002   1.393E-001   1.510E-003   3.196E-006
 4.08   6.151E-002   5.171E-001   2.349E-001   5.894E-002   1.263E-001   1.240E-003   2.322E-006
 4.07   6.736E-002   5.320E-001   2.317E-001   5.444E-002   1.135E-001   1.001E-003   1.643E-006
 4.06   7.384E-002   5.474E-001   2.272E-001   4.966E-002   1.011E-001   7.941E-004   1.128E-006
 4.05   8.102E-002   5.634E-001   2.212E-001   4.470E-002   8.911E-002   6.175E-004   7.507E-007
 4.04   8.899E-002   5.796E-001   2.136E-001   3.967E-002   7.770E-002   4.701E-004   4.828E-007
 4.03   9.780E-002   5.959E-001   2.043E-001   3.468E-002   6.696E-002   3.498E-004   2.992E-007
 4.02   1.076E-001   6.120E-001   1.934E-001   2.983E-002   5.696E-002   2.538E-004   1.781E-007
 4.01   1.183E-001   6.274E-001   1.810E-001   2.523E-002   4.778E-002   1.794E-004   1.016E-007
 4.00   1.302E-001   6.419E-001   1.673E-001   2.096E-002   3.948E-002   1.231E-004   5.530E-008
 3.99   1.433E-001   6.549E-001   1.525E-001   1.708E-002   3.209E-002   8.185E-005   2.861E-008
 3.98   1.576E-001   6.661E-001   1.370E-001   1.365E-002   2.563E-002   5.261E-005   1.401E-008
 3.97   1.732E-001   6.750E-001   1.210E-001   1.068E-002   2.008E-002   3.260E-005   6.462E-009
 3.96   1.902E-001   6.812E-001   1.050E-001   8.171E-003   1.541E-002   1.941E-005   2.797E-009
 3.95   2.086E-001   6.843E-001   8.946E-002   6.109E-003   1.157E-002   1.108E-005   1.130E-009
 3.94   2.283E-001   6.841E-001   7.469E-002   4.456E-003   8.487E-003   6.043E-006   4.236E-010
 3.93   2.494E-001   6.803E-001   6.102E-002   3.166E-003   6.067E-003   3.137E-006   1.466E-010
 3.92   2.718E-001   6.731E-001   4.872E-002   2.188E-003   4.219E-003   1.544E-006   4.646E-011
 3.91   2.954E-001   6.623E-001   3.796E-002   1.468E-003   2.849E-003   7.178E-007   1.339E-011
 3.90   3.203E-001   6.481E-001   2.881E-002   9.536E-004   1.864E-003   3.137E-007   3.479E-012
 3.89   3.461E-001   6.308E-001   2.126E-002   5.989E-004   1.178E-003   1.283E-007   8.080E-013
 3.88   3.730E-001   6.107E-001   1.523E-002   3.626E-004   7.182E-004   4.882E-008   1.661E-013
 3.87   4.006E-001   5.882E-001   1.057E-002   2.111E-004   4.209E-004   1.720E-008   2.991E-014
 3.86   4.290E-001   5.635E-001   7.093E-003   1.179E-004   2.364E-004   5.577E-009   4.652E-015
 3.85   4.580E-001   5.373E-001   4.591E-003   6.287E-005   1.269E-004   1.652E-009   6.168E-016
 3.84   4.873E-001   5.097E-001   2.859E-003   3.194E-005   6.484E-005   4.442E-010   6.884E-017
 3.83   5.170E-001   4.813E-001   1.709E-003   1.539E-005   3.142E-005   1.074E-010   6.322E-018
 3.82   5.468E-001   4.522E-001   9.770E-004   7.003E-006   1.437E-005   2.316E-011   4.657E-019
 3.81   5.766E-001   4.229E-001   5.327E-004   2.996E-006   6.179E-006   4.401E-012   2.670E-020
 3.80   6.062E-001   3.935E-001   2.765E-004   1.203E-006   2.493E-006   7.437E-013   1.267E-021
 3.79   6.355E-001   3.643E-001   1.360E-004   4.497E-007   9.362E-007   1.084E-013   4.351E-023
 3.78   6.644E-001   3.355E-001   6.310E-005   1.557E-007   3.254E-007   1.347E-014   1.008E-024
 3.77   6.927E-001   3.073E-001   2.754E-005   4.960E-008   1.041E-007   1.398E-015   1.315E-026
 3.76   7.201E-001   2.799E-001   1.120E-005   1.429E-008   3.010E-008   1.080E-016  -7.644E-029
 3.75   7.466E-001   2.534E-001   4.250E-006   3.744E-009   7.915E-009   6.543E-018   9.006E-031
 3.74   7.718E-001   2.282E-001   1.504E-006   8.903E-010   1.888E-009   3.037E-019  -1.444E-032
 3.73   7.957E-001   2.043E-001   5.007E-007   1.956E-010   4.159E-010   1.252E-020   1.695E-034
 3.72   8.179E-001   1.821E-001   1.562E-007   3.921E-011   8.360E-011   3.823E-022  -2.659E-036
 3.71   8.384E-001   1.616E-001   4.543E-008   7.026E-012   1.501E-011   4.798E-024   7.700E-038
 3.70   8.571E-001   1.429E-001   1.260E-008   1.173E-012   2.512E-012   2.828E-026  -2.423E-039
 3.69   8.737E-001   1.263E-001   3.392E-009   1.876E-013   4.024E-013   7.251E-029   7.827E-041
 3.68   8.883E-001   1.117E-001   8.986E-010   2.903E-014   6.236E-014  -3.738E-031  -3.199E-042
 3.67   9.010E-001   9.902E-002   2.417E-010   4.609E-015   9.911E-015   1.027E-033   1.281E-043
 3.66   9.118E-001   8.816E-002   6.738E-011   7.732E-016   1.664E-015   7.318E-037  -5.293E-045
 3.65   9.211E-001   7.894E-002   1.970E-011   1.384E-016   2.980E-016   2.287E-040   2.672E-046
 3.64   9.289E-001   7.115E-002   6.140E-012   2.724E-017   5.866E-017   1.977E-042  -1.343E-047
 3.63   9.354E-001   6.457E-002   2.057E-012   5.990E-018   1.290E-017   4.888E-044   5.601E-049
 3.62   9.410E-001   5.899E-002   7.434E-013   1.484E-018   3.193E-018   2.444E-045  -1.259E-050
 3.61   9.458E-001   5.424E-002   2.866E-013   4.027E-019   8.661E-019   1.565E-046   2.632E-052
 3.60   9.498E-001   5.016E-002   1.172E-013   1.187E-019   2.551E-019   1.209E-047  -5.045E-054
 3.59   9.534E-001   4.664E-002   5.066E-014   3.791E-020   8.134E-020   1.092E-048   4.374E-056
 3.58   9.564E-001   4.357E-002   2.303E-014   1.303E-020   2.792E-020   1.005E-049   3.132E-058
 3.57   9.591E-001   4.088E-002   1.096E-014   4.792E-021   1.025E-020   6.442E-051   8.098E-060
 3.56   9.615E-001   3.850E-002   5.441E-015   1.870E-021   3.990E-021  -3.422E-052   3.468E-061
 3.55   9.636E-001   3.638E-002   2.806E-015   7.668E-022   1.632E-021  -6.264E-053   1.767E-062
 3.54   9.655E-001   3.449E-002   1.500E-015   3.292E-022   6.985E-022   1.092E-052   1.106E-063
 3.53   9.672E-001   3.278E-002   8.297E-016   1.474E-022   3.117E-022   8.759E-053   8.436E-065
 3.52   9.688E-001   3.124E-002   4.726E-016   6.856E-023   1.445E-022   4.285E-053   7.704E-066
 3.51   9.702E-001   2.984E-002   2.758E-016   3.305E-023   6.939E-023   1.586E-053   8.246E-067
 3.50   9.714E-001   2.857E-002   1.638E-016   1.645E-023   3.438E-023   4.285E-054   9.768E-068
 3.49   9.726E-001   2.740E-002   9.867E-017   8.430E-024   1.754E-023   5.967E-055   1.277E-068
 3.48   9.737E-001   2.632E-002   6.027E-017   4.440E-024   9.190E-024  -2.100E-055   1.840E-069
 3.47   9.747E-001   2.533E-002   3.743E-017   2.399E-024   4.938E-024  -2.249E-055   2.912E-070
 3.46   9.756E-001   2.441E-002   2.377E-017   1.327E-024   2.716E-024  -1.157E-055   5.035E-071
 3.45   9.764E-001   2.356E-002   1.553E-017   7.506E-025   1.527E-024  -4.029E-056   9.455E-072
 3.44   9.772E-001   2.276E-002   1.044E-017   4.335E-025   8.757E-025  -8.035E-057   1.918E-072
 3.43   9.780E-001   2.202E-002   7.183E-018   2.553E-025   5.120E-025   1.523E-057   4.177E-073
 3.42   9.787E-001   2.133E-002   5.018E-018   1.531E-025   3.048E-025   2.640E-057   9.720E-074
 3.41   9.793E-001   2.068E-002   3.524E-018   9.340E-026   1.845E-025   1.647E-057   2.405E-074
 3.40   9.799E-001   2.007E-002   2.469E-018   5.792E-026   1.134E-025   6.853E-058   6.301E-075
 3.39   9.805E-001   1.949E-002   1.727E-018   3.648E-026   7.081E-026   1.813E-058   1.737E-075
 3.38   9.811E-001   1.895E-002   1.210E-018   2.331E-026   4.483E-026  -4.899E-060   5.002E-076
 3.37   9.816E-001   1.843E-002   8.568E-019   1.511E-026   2.877E-026  -4.351E-059   1.501E-076
 3.36   9.821E-001   1.795E-002   6.183E-019   9.922E-027   1.870E-026  -3.280E-059   4.686E-077
 3.35   9.825E-001   1.748E-002   4.577E-019   6.598E-027   1.230E-026  -1.552E-059   1.518E-077
 3.34   9.830E-001   1.704E-002   3.468E-019   4.440E-027   8.180E-027  -4.688E-060   5.095E-078
 3.33   9.834E-001   1.663E-002   2.671E-019   3.022E-027   5.500E-027  -4.732E-062   1.768E-078
 3.32   9.838E-001   1.623E-002   2.074E-019   2.079E-027   3.736E-027   1.153E-060   6.330E-079
 3.31   9.842E-001   1.585E-002   1.623E-019   1.466E-027   2.601E-027   9.798E-061   2.455E-079
 3.30   9.845E-001   1.549E-002   1.265E-019   1.043E-027   1.826E-027   5.302E-061   9.779E-080
 3.29   9.849E-001   1.514E-002   9.843E-020   7.490E-028   1.293E-027   1.981E-061   3.993E-080
 3.28   9.852E-001   1.481E-002   7.677E-020   5.423E-028   9.223E-028   3.085E-062   1.669E-080
 3.27   9.855E-001   1.449E-002   6.031E-020   3.959E-028   6.629E-028  -2.631E-062   7.134E-081
 3.26   9.858E-001   1.418E-002   4.796E-020   2.912E-028   4.798E-028  -3.012E-062   3.114E-081
 3.25   9.861E-001   1.389E-002   3.868E-020   2.158E-028   3.496E-028  -1.748E-062   1.387E-081
 3.24   9.864E-001   1.361E-002   3.158E-020   1.611E-028   2.564E-028  -6.131E-063   6.295E-082
 3.23   9.867E-001   1.334E-002   2.601E-020   1.211E-028   1.892E-028   1.374E-065   2.910E-082
 3.22   9.869E-001   1.308E-002   2.152E-020   9.163E-029   1.405E-028   2.082E-063   1.368E-082
 3.21   9.872E-001   1.282E-002   1.785E-020   6.978E-029   1.049E-028   1.995E-063   6.541E-083
 3.20   9.874E-001   1.258E-002   1.482E-020   5.347E-029   7.872E-029   1.217E-063   3.176E-083
 3.19   9.877E-001   1.235E-002   1.234E-020   4.122E-029   5.940E-029   5.335E-064   1.566E-083
 3.18   9.879E-001   1.212E-002   1.031E-020   3.196E-029   4.505E-029   1.349E-064   7.828E-084
 3.17   9.881E-001   1.190E-002   8.656E-021   2.492E-029   3.433E-029  -3.031E-065   3.967E-084
 3.16   9.883E-001   1.169E-002   7.319E-021   1.954E-029   2.628E-029  -6.083E-065   2.037E-084
 3.15   9.885E-001   1.148E-002   6.232E-021   1.540E-029   2.021E-029  -3.844E-065   1.059E-084
 3.14   9.887E-001   1.128E-002   5.339E-021   1.220E-029   1.561E-029  -1.152E-065   5.574E-085
 3.13   9.889E-001   1.109E-002   4.597E-021   9.714E-030   1.211E-029   4.788E-066   2.967E-085
 3.12   9.891E-001   1.090E-002   3.975E-021   7.772E-030   9.429E-030   1.045E-065   1.596E-085
 3.11   9.893E-001   1.072E-002   3.448E-021   6.248E-030   7.370E-030   9.596E-066   8.682E-086
 3.10   9.895E-001   1.054E-002   3.001E-021   5.046E-030   5.783E-030   6.338E-066   4.770E-086
 3.09   9.896E-001   1.037E-002   2.620E-021   4.094E-030   4.554E-030   3.325E-066   2.646E-086
 3.08   9.898E-001   1.021E-002   2.296E-021   3.336E-030   3.598E-030   1.371E-066   1.481E-086
 3.07   9.900E-001   1.004E-002   2.020E-021   2.730E-030   2.853E-030   3.967E-067   8.369E-087
 3.06   9.901E-001   9.886E-003   1.785E-021   2.243E-030   2.269E-030   6.481E-068   4.769E-087
 3.05   9.903E-001   9.733E-003   1.583E-021   1.851E-030   1.811E-030   4.402E-068   2.740E-087
 3.04   9.904E-001   9.584E-003   1.409E-021   1.533E-030   1.449E-030   1.040E-067   1.587E-087
 3.03   9.906E-001   9.438E-003   1.259E-021   1.275E-030   1.163E-030   1.485E-067   9.264E-088
 3.02   9.907E-001   9.296E-003   1.129E-021   1.064E-030   9.365E-031   1.555E-067   5.448E-088
 3.01   9.908E-001   9.158E-003   1.015E-021   8.916E-031   7.560E-031   1.317E-067   3.227E-088
 3.00   9.910E-001   9.023E-003   9.156E-022   7.496E-031   6.119E-031   9.194E-068   1.924E-088
